
 66

((((((((Cymbaxinella_damicornis_cdhit_CDAM: 0.257504, (Polymastia_invaginata_cdhit_PINV: 0.295795, ((Tethya_wilhelma_cdhit_TWIL: 0.201601, Cliona_varians_cdhit_CVAR: 0.202647): 0.043713, ((Pseudospongosorites_suberitoides_cdhit_PSUB: 0.110191, Halichondria_panicea_cdhit_HPAN: 0.193252): 0.176516, (((Isodyctia_sp_cdhit_IsSP: 0.159509, (Latrunculia_apicalis_cdhit_LAPI: 0.140127, (Iophon_unicorne_cdhit_IUNI: 0.153986, (Tedania_anhelans_cdhit_TANH: 0.144858, (Kirkpatrickia_variolosa_cdhit_KVAR: 0.061445, (Phorbas_areolatus_cdhit_PARE: 0.049779, Crella_elegans_cdhit_CELE: 0.086652): 0.039324): 0.024318): 0.008994): 0.051497): 0.054539): 0.022718, Crambe_crambe_cdhit_CCRA: 0.159496): 0.034203, ((Mycale_phyllophila_cdhit_MPHY: 0.125006, ((Mycale_lingua_cdhit_MLIN: 0.039957, Mycale_laevis_cdhit_MLAE: 0.095868): 0.000000, (Mycale_tridens_cdhit_MTRI: 0.009837, Mycale_acerata_cdhit_MACE: 0.001827): 0.080472): 0.024380): 0.076775, Chondrocladia_roberballardi_cdhit_CROB: 0.163992): 0.100300): 0.140964): 0.026337): 0.008055): 0.011789): 0.055143, (Phakellia_ventilabrum_cdhit_PVEN: 0.077013, (Phakellia_robusta_cdhit_PROB: 0.039005, Cymbastela_concentrica_cdhit_CCON: 0.033213): 0.036405): 0.190037): 0.042216, ((Poecillastra_compressa_cdhit_PCOM: 0.085242, ((Stryphnus_fortis_pep_cdhit_SFOR: 0.027765, Stelletta_normani_cdhit_SNOR: 0.034340): 0.070384, (Geodia_phlegrai_cdhit_GPHL: 0.098629, ((Geodia_macandrewi_cdhit_GMAC: 0.060013, ((Geodia_parva_cdhit_GPAR: 0.003822, Geodia_hentscheli_cdhit_GHEN: 0.002009): 0.022935, Geodia_barretti_cdhit_GBAR: 0.021401): 0.028098): 0.038286, Geodia_atlantica_cdhit_GANT: 0.076512): 0.019615): 0.039220): 0.058119): 0.088642, Craniella_infrequens_cdhit_CINF: 0.171144): 0.239286): 0.041000, ((Scopalina_sp_cdhit_ScSP: 0.068649, Scopalina_ruetzleri_cdhit_SRUE: 0.408143): 0.271622, ((Spongilla_lacustris_cdhit_SLAC: 0.094395, Eunapius_fragilis_cdhit_EFRA: 0.072309): 0.031437, (Ephydatia_muelleri_cdhit_Eph: 0.051504, (Lubomirskia_abietina_cdhit_LABI: 0.007127, (Lubomirskia_baicalensis_A8_cdhit_LBAI: 0.001718, Baikalospongia_bacillifera_cdhit_BBAC: 0.004057): 0.032535): 0.036526): 0.059335): 0.434040): 0.052231): 0.101964, (Haliclona_penicillata_cdhit_HPEN: 0.345087, (Petrosia_ficiformis_cdhit_PFIC: 0.257415, Amphimedon_queenslandica_cdhit_AQUE: 0.363912): 0.096579): 0.230210): 0.155712, (((Vaceletia_sp_cdhit_VaSP: 0.113254, (Spongia_officinalis_cdhit_SOFF: 0.069089, Ircinia_fasciculata_cdhit_IFAS: 0.079007): 0.038011): 0.101028, Dendrilla_antarctica_cdhit_DANT: 0.266529): 0.334877, (((Halisarca_dujardini_cdhit_HDUJ: 0.230471, Halisarca_caerulea_cdhit_HCAE: 0.074442): 0.067473, Chondrilla_caribensis_cdhit_CCAR: 0.157584): 0.057825, Aplysina_aerophoba_cdhit_AAER: 0.181733): 0.862933): 0.089878): 0.342229, ((Vazella_pourtalesi_cdhit_VPOU: 0.023267, Sympagella_nux_cdhit_SNUX: 0.054579): 0.009027, Rossella_fibulata_cdhit_RFIB: 0.008609): 0.752661): 0.111419, ((Oscarella_pearsei_cdhit_OPEA: 0.680175, Corticium_candelabrum_cdhit_CCAN: 0.499469): 0.175154, ((Sycon_coactum_cdhit_SCOA: 0.215443, Sycon_ciliatum_cdhit_SCIL: 0.286684): 0.122975, (Leucetta_giribeti_cdhit_LGIR: 0.191149, Clathrina_coriacea_cdhit_CCOR: 0.323377): 0.258592): 0.465348): 0.080125, (Pleurobrachia_bachei_pep_cdhit_PBAC: 1.392363, ((Lottia_gigantea_pep_cdhit_LGIG: 0.534794, Homo_sapiens_pep_cdhit_HSAP: 0.513585): 0.239317, (Nematostella_vectensis_cdhit_NVEC: 0.466815, Aurelia_aurita_pep_cdhit_AAUR: 0.681580): 0.174971): 0.173456): 0.083594);

  0.111419  0.342229  0.155712  0.101964  0.041000  0.042216  0.055143  0.257504  0.011789  0.295795  0.008055  0.043713  0.201601  0.202647  0.026337  0.176516  0.110191  0.193252  0.140964  0.034203  0.022718  0.159509  0.054539  0.140127  0.051497  0.153986  0.008994  0.144858  0.024318  0.061445  0.039324  0.049779  0.086652  0.159496  0.100300  0.076775  0.125006  0.024380  0.000000  0.039957  0.095868  0.080472  0.009837  0.001827  0.163992  0.190037  0.077013  0.036405  0.039005  0.033213  0.239286  0.088642  0.085242  0.058119  0.070384  0.027765  0.034340  0.039220  0.098629  0.019615  0.038286  0.060013  0.028098  0.022935  0.003822  0.002009  0.021401  0.076512  0.171144  0.052231  0.271622  0.068649  0.408143  0.434040  0.031437  0.094395  0.072309  0.059335  0.051504  0.036526  0.007127  0.032535  0.001718  0.004057  0.230210  0.345087  0.096579  0.257415  0.363912  0.089878  0.334877  0.101028  0.113254  0.038011  0.069089  0.079007  0.266529  0.862933  0.057825  0.067473  0.230471  0.074442  0.157584  0.181733  0.752661  0.009027  0.023267  0.054579  0.008609  0.080125  0.175154  0.680175  0.499469  0.465348  0.122975  0.215443  0.286684  0.258592  0.191149  0.323377  0.083594  1.392363  0.173456  0.239317  0.534794  0.513585  0.174971  0.466815  0.681580

  0.000000  0.000000  0.000000  0.000000  0.000000  0.000000  0.000000  0.000000  0.000000  0.000000  0.000000  0.000000  0.000000  0.000000  0.000000  0.000000  0.000000  0.000000  0.000000  0.000000  0.000000  0.000000  0.000000  0.000000  0.000000  0.000000  0.000000  0.000000 -0.007529 -0.008020  0.000000  0.000000  0.000000  0.000000  0.000000  0.000000  0.000000 -0.005185 -79.426317  0.000000  0.000000  0.000000  0.000000  0.000000  0.000000  0.000000  0.000000  0.000000  0.000000  0.000000 -0.005871  0.000000  0.000000  0.000000  0.000000 -0.005593 -0.006401 -0.008122  0.000000 -0.009562 -0.006097  0.000000 -0.006582  0.000000  0.000000  0.000000 -0.014532  0.000000  0.000000  0.000000  0.000000  0.000000  0.000000  0.000000  0.000000  0.000000 -0.005971  0.000000  0.000000 -0.007160 -0.007297 -0.010993 -0.007409 -0.008406  0.000000  0.000000  0.000000  0.000000  0.000000  0.000000  0.000000  0.000000  0.000000  0.000000  0.000000  0.000000  0.000000  0.000000  0.000000  0.000000  0.000000  0.000000  0.000000  0.000000  0.000000  0.000000  0.000000  0.000000  0.000000  0.000000  0.000000  0.000000  0.000000  0.000000  0.000000  0.000000  0.000000  0.000000  0.000000  0.000000  0.000000  0.000000  0.000000  0.000000  0.000000  0.000000  0.000000  0.000000  0.000000


Hessian

      -2435      -2172     -352.5     -155.1       90.9      283.3      256.6      37.37        330      21.22      349.8      251.1      203.4      189.2      131.6      131.3      33.79      97.34      132.2      377.2        327      419.8      121.8      344.1      363.6      -5.23      454.2      254.9      240.1      381.5      378.7      576.8      236.8      16.02      270.8      231.3      241.8      162.7      140.3     -4.071      149.2      231.5        163     -13.29      18.34      215.2      91.74      238.1      356.7      359.5      240.7      195.7      233.9        454      96.52      123.9     -78.14      252.2      194.7      570.1        366      88.94        310     -92.94      180.1       68.5        125      189.7      81.73      103.3      109.8      117.3      12.86      87.35      148.3      30.44      73.56        208      205.4      154.2     -16.69     -504.3     -892.2      847.7      109.5      46.63      62.02      124.4      76.34      35.69      53.12      53.77      80.58      266.5      153.3      279.4      20.33      23.93      21.42      52.91       33.9     -61.74     -3.867     -19.82     -6.623      117.6      55.19     -1.375      104.7     -215.9     -52.71     0.7571     -51.44     -77.56     -10.89     -55.55     -18.03      15.05      10.01      20.47      -1028      5.886      -1024     -324.7      42.57     -103.1     -141.5      5.586       51.8
      -2172      -2352     -333.1     -153.8      72.91      215.9      259.9      22.37      313.4      22.78      332.5      285.5      233.5        193      239.4      160.9      33.79      126.9      182.1      279.2      277.3      441.6      92.35      356.3      338.4      57.36      511.2      304.5      497.4      495.8      454.1      662.6      239.2     -17.74      205.3      165.8      222.5      106.9      73.99     -4.071      82.83      223.4      149.2     -50.78      18.34      187.2      50.61      274.3        354      419.6      248.4      203.4      211.4      411.5      124.5      205.6     -32.88      254.8      271.4      490.3      293.4      55.14      323.2     -109.8      191.4       59.2      139.1      224.4      81.73      114.4      83.24      90.78      12.86      96.16      159.7      30.09      89.02      227.3      281.5      139.3     -15.04       -507     -872.5       1092      116.2       21.1      122.6        113      94.07      41.67       59.1      61.47      101.4      295.6      146.8      280.7      3.886      23.93      21.42      52.91       33.9     -61.74     -3.867     -19.82     -8.862      88.53      110.5     -15.15      54.81     -224.9     -52.71     0.7571     -51.44      -86.6      -23.8     -55.51     -5.206     -6.329      10.01    -0.9128     -989.2      5.886     -984.6     -304.3      59.57     -81.19     -127.4      6.795      48.19
     -352.5     -333.1      -7292      -2248     -801.4     -243.4      189.8      204.2      255.5       31.5      384.8      263.6      224.9      480.2      75.59      140.6      22.55      83.06      329.3      370.9      419.5      556.3      468.4      565.6        797      60.27      627.8      370.7       1221      372.3        681      370.7      347.5      80.19        339      516.9      489.4      769.8      395.4      103.7      411.4      210.4      519.1      856.6      75.98      534.2      124.5      442.2        437      20.35      -84.5     -30.03      115.3      149.6      601.1        267      150.5      233.3      420.6      858.7      197.9      340.9       72.1     -128.5      194.6     -429.5      46.27      207.5     -11.75     -180.9       6.61      35.86      23.54      152.1      693.6       -165      434.5      414.2      227.9      480.1      -1619      364.3       1345       2850      168.6     -9.097      22.61      105.2        167      -2244      -1075     -702.4     -139.5     -221.6       -268      46.46     -30.21     -50.14     -68.37      98.57      28.41      114.5     -71.91     -25.13      8.758      174.4     -29.31      31.18      150.3      18.89      11.94     -18.68         37      10.17        109      7.894      43.94      9.918     -4.597      17.09     -166.3      7.208     -121.7      54.58      194.7      93.03      3.655      96.43      19.11
     -155.1     -153.8      -2248 -1.259e+04      -2377     -474.7      230.2      160.9        274      47.47      330.5     -378.2      -22.7      163.4       -178      183.7      123.7      194.2      524.4      850.4      983.9      631.4      247.6      495.3      621.9      89.64      465.8      544.2       1021      470.3       1366       1407        686      83.76      485.5      517.2      535.6        697      609.8     -5.043      546.5      165.8      637.2       2291      173.6      406.3      110.3      945.3      860.3      764.1      312.4      519.5        325      148.5      557.6      773.8     -100.4      417.9      609.1       1002      463.2      430.1      645.3      110.6      263.2     -197.3     -40.31      526.7     -12.97      160.6      172.6      179.4      40.28      393.8      578.5     -85.05      425.9      225.3      347.4      744.3      -6091      -1639       3277       2376      -1589      2.344      -1154     -345.1       -156      -1094       -811     -565.4      205.3      41.05     -77.74      354.9       45.1      -35.7     -7.797        155      30.09      248.7      36.33      29.83      18.19       -192     -273.4      51.54      15.71      95.05      30.38     -2.638      46.08         45      55.27     -21.57      65.77       16.4      54.57      49.31     -43.94      6.045     -43.54      76.34      221.9      256.8     -36.07      7.614       71.8
       90.9      72.91     -801.4      -2377  -2.89e+04      -7312      -2303      274.1      -1140     -56.96     -948.9       -425     -304.6     -167.2     -173.8     -67.62      195.9      239.4      162.6     -51.81      86.84      169.7      119.1      808.8       1026      185.8      4.654     -102.9      957.3     -21.39        540     -309.9     -331.1      107.1      448.6      147.7      164.3      516.9      434.1      68.63      222.6      404.9      630.6       1702      99.83     -952.6     -815.9     -565.8      322.6       -227      -73.7     -223.2      478.3      282.5     -95.36     -739.2     -191.6      129.9      426.3      572.3      754.3      323.6      634.9      18.43      342.6      -3079        825     -757.5     -189.3      -5069     -940.1     -946.4     -31.96      -1482      923.4      343.9      580.8      373.1      913.5      479.8      -1575      971.3       3373     -83.42       -499      76.07     -86.09     -4.982     -99.23     -314.9     -483.9     -297.1      309.2     -94.03      420.6        985        2.6      159.5      157.6      383.9      362.5      399.6      212.6     -22.33        7.6      175.5     -42.79      296.5      112.5      153.4       97.4     -12.63      107.7      44.15      125.7      195.8      384.7     -14.32      20.28      14.19     -155.8         23     -45.67        222        258        174      262.5      307.6      264.1
      283.3      215.9     -243.4     -474.7      -7312 -3.437e+04      -4435     -203.2      -3209      53.13      -2312     -622.6      76.59      -1056      -1093     -390.3     -50.02     -14.63     -999.6     -694.7     -857.6      197.5      763.8      518.4      513.2      111.8      216.9       -614      139.9      507.7      -1023     -200.7      -1053        120     -568.4     -510.4       -536       -275     -65.04      227.4     -124.1      18.85     -166.6      -3342     -135.1      -1619     -451.2     -852.6      611.9     -733.7      -1722      -1626      165.1     -654.4     -219.3     -387.4      223.3      347.9     -186.6     -528.9      447.1     -736.8     -116.6     -663.6      421.9      -1214       1046     -779.5        125      -1758     -694.3     -802.2     -144.1     -869.4       1559      158.3      362.3       1015       1002       1521       1499       1317       2221       3534     -210.8     -110.9     -211.6     -60.04     -15.81      52.71      200.6      347.4      135.3      38.14       1302      437.2      542.1       12.5      35.39      568.3        558      608.2      559.1        8.5      8.272       -485      230.1       -148     -634.8     -3.915      131.1      9.399      116.9      71.98      199.7      100.4      238.9      4.516      42.16      62.95      223.2         11      233.2      329.1      438.8      187.4      379.9      246.3      288.5
      256.6      259.9      189.8      230.2      -2303      -4435  -3.21e+04     -301.8 -2.121e+04       -108  -2.14e+04      -4306     -688.1      -1130      -2938     -308.3      200.1      12.31      -1276      -1123      -1693      34.79     -840.1      636.3      184.6     -48.26     -718.4     -722.6      273.9      478.6     -854.7       1045     -342.2      85.69      631.5        237     -403.5       -114      615.7     -10.05      684.1      502.1        115       3245      129.2      -3123     -517.7      -2100      51.93      -1624     -849.4     -587.4      12.74     -816.2     -15.28     -605.8     -683.2      257.5     -530.6       1145     -19.36     -84.99     -611.9      -1384      405.9     -230.9      319.8     -672.1      92.85       -358      15.35     -134.5     -147.5     -96.77      829.4      518.3      972.9       1194      934.7       1045       2600       1781      -1659      -1570     -146.8     -179.6     -176.4      307.4      449.5       94.2      158.4     -118.1     -631.6     0.3031      246.4      270.6      181.6      175.1      173.8      574.9      572.6      764.3      562.7      3.305      37.34     -550.3      563.7      198.8     -242.4      186.8      91.39      11.33      81.61      75.83      155.2      50.98      277.2      114.8      33.29      69.31      206.6     -2.869      219.5        413      359.7      446.3      399.7      373.4      191.1
      37.37      22.37      204.2      160.9      274.1     -203.2     -301.8      -3763     -946.2      9.489     -961.9     -82.45     -217.9       50.7     -231.4      50.61      133.1      154.7     -773.4     -263.2     -62.93      29.68     -172.5      44.58     -94.34     -25.36      208.6     -141.4       -197     -62.84      338.5      232.6      80.12     -211.2       -803     -855.7     -401.9     -876.8       -647      83.31     -886.8     -559.3       -374        359     -275.3     -94.48     -203.2      130.3      32.52     -171.2      30.91      114.9     -233.1     -75.76     -89.83      35.63     -324.4     -204.3     -100.2      262.5     -89.27      129.9      49.94     -592.5      70.48      809.6      205.8      191.3      21.26     -23.62      1.154     -19.35     -17.72      82.93      515.5      194.5      263.7      139.2      328.6     -292.1      787.4      774.4     -577.4     -175.6      53.95        154      73.51      218.2      132.5      175.2      122.4      177.5      273.5      217.6      209.9     -228.1       21.3      70.14      78.59      146.5      153.7       94.4     -19.81     0.2549      3.455      -90.1     -213.2     -66.95     -17.56      64.52     -9.922  1.252e-07     -9.922      51.71      3.879      41.36      117.7      13.49     -9.755      34.58      93.96 -3.508e-08      93.96      78.88      140.7      114.6      139.6      90.35      65.38
        330      313.4      255.5        274      -1140      -3209 -2.121e+04     -946.2 -4.956e+04      11.79  -4.13e+04      -4935     -355.2     -936.4      -3329     -755.4      36.31     -335.6      -2337     -247.1      -1753      334.6     -290.9      713.7      425.6     -44.64      764.9     -665.4        914      234.9      606.3       1139      318.8      121.3      370.4      264.2     -127.3      980.8      276.6      48.47      439.3        625       1089       2416     -190.8      -2498     -285.7      -1813       1322     -25.51     -625.6     -814.8     -414.5     -891.6      615.2       1454       1157      56.98     -129.2      420.6       1138     -61.69       1028      -1166      286.9     -135.4      651.6      959.9     -38.37     -434.3      -99.3      53.18      46.95      -39.2        701       1098       1140       1084       1331       2049       2203      571.6     -304.9      852.3       -553      39.09     -513.8      178.1        287      304.4      244.7        686      78.34      317.9      -1033      74.42      438.3      121.1      122.8      782.7      829.4       1165      520.9     -3.137      2.036     -780.4        274      12.67     -483.2      105.8      29.61      11.33      19.83      50.93      50.57      7.833      310.2      13.63      28.89      27.92      169.2     -2.869      182.1      432.9        300        502      388.3      403.5      169.7
      21.22      22.78       31.5      47.47     -56.96      53.13       -108      9.489      11.79     -719.9     -354.7       -236     -24.34     -131.4       -220     -90.25     -3.069      1.337     -61.92      12.06     -118.8     -112.1     -89.07     -107.8     -249.4 -1.988e-07     -249.4     -155.2     -109.4     -47.46      27.86     -78.83     -161.7     -74.95       85.5       4.71     -7.678      71.74     -14.91  1.733e-07     -14.91     -62.82       35.5      808.2       2.92      34.14     -44.91     -129.7      48.81      -97.9      27.04      27.04     -27.36      4.393      185.1      140.9      285.5      341.8      117.6     -149.7      172.6      80.26      47.03      32.74      76.56      6.215      85.58      55.54  1.718e-07     -25.28     -23.65     -23.65  1.952e-08      35.98      70.47     -52.44       67.4      67.72      29.67    -0.3248       46.1      45.91      -1531        696     -36.62      2.092      1.256      15.17      15.18      57.17       66.3      169.1      26.53        189     -6.411      42.52      77.02      36.13      36.13      30.44     -5.118      29.71      52.38 -8.124e-08      5.237      10.99      68.11      43.63      50.21      8.031      8.796  3.117e-09      8.796    -0.7099     -5.226      6.595      9.752      4.516   1.08e-08      4.516      22.57 -1.566e-08      22.57      18.14      18.63      23.45      6.495      10.64      9.116
      349.8      332.5      384.8      330.5     -948.9      -2312  -2.14e+04     -961.9  -4.13e+04     -354.7  -5.19e+04      -6309       -750      -1308      -4483     -555.7      -63.1     -426.1      -2620     -692.4      -1767     -312.1      -1571        701      215.5     -44.64      554.8     -384.4        823     -252.8     -35.19       1013      498.1      34.68      173.9      188.7        284      835.4      467.1      48.47      629.8      534.4       1034       3909      56.56      -2317     -403.6      -1966        857      51.18     -957.2      -1146     -416.1     -799.6      787.1       1223       1249     -512.3     -58.17     -807.9      933.4     -18.97       1128      -1117      315.8     -86.56      807.8      806.9     -38.37     -334.3     -227.7     -75.26      46.95      15.25     -44.88        901      773.1      593.2       1318       2194       2273      627.6       1154       1333     -421.8     -5.112     -284.8      514.3      255.4      448.4      344.5      909.5     -101.5     -208.4     -979.7      542.4        585      103.1      104.8      816.6      702.9        965      563.7     -3.137      9.139     -744.1      310.7      49.93     -446.7      136.1       58.2      11.33      48.42      52.68      64.83      12.63      326.7      1.127      28.89      15.42      242.5     -2.869      255.4      499.9      409.8      617.3        373      400.3      207.9
      251.1      285.5      263.6     -378.2       -425     -622.6      -4306     -82.45      -4935       -236      -6309 -4.179e+04      -3522      -2567      -3823     -825.8     -575.1     -616.4      -1512      -1047      -1365     -282.2       -592     -394.7      237.2     -120.6      290.3     -36.14       87.6      322.8       -534     -120.1     -54.43      45.22      383.6      328.1     -554.8     -273.6      715.9      139.8      762.9      213.8        555       1119      462.9     -751.3       -831     -460.9      891.3     -306.1       -645     -335.9      613.5       -270     -455.6      -1200     -488.9      -1230     -181.8      -2020     -359.6     -344.7      548.5     -80.49      290.9     -235.8     -77.18      78.24     -285.2     -134.2     -174.8     -14.84      76.27      186.5      938.8      949.9       1368       1126       1636     -407.7       5670       4974      -9367      -5944      148.9      59.81      68.87     -105.3      155.8      138.6      365.4      605.4       -468     -500.2     -174.5      39.54      144.4      173.2      242.9      155.8      466.7        245      196.7      21.24    -0.6604     -1.831      153.9      8.671      43.58      246.1      33.82      10.36     -5.022      180.4      241.8      95.62      303.1      184.9      27.63      183.6        292      31.04      319.1      312.2      315.9      167.9      171.4      244.8      253.8
      203.4      233.5      224.9      -22.7     -304.6      76.59     -688.1     -217.9     -355.2     -24.34       -750      -3522 -1.469e+04     -500.9     -783.7     -269.9     -27.87     -239.4     -635.1     -643.5     -689.6     -720.1     -475.8      168.8      149.9     -55.97      13.38     -582.4       -112     -194.6     -27.89     -78.68     -97.81         85     -404.8     -298.5      130.3     -254.6       -340     -73.89       -467      423.2      355.9     -335.2     -27.68     -406.9     -402.2     -40.15      162.5       1653      91.28      46.39      208.9     -60.35      130.7     -462.5     -437.2     -193.2      484.2     -162.2        349     -336.5      914.3      417.3      171.1      446.9      883.9      87.82      8.435     -69.48      49.39      96.31      61.13      57.87      494.1      193.3      773.4      446.6      183.6     -648.1        149       1749      469.4      976.2      261.3     -45.13      204.1      267.2      148.9      161.1      291.1        413      101.8      140.3      151.1      548.9        270      160.7      180.6        482      569.9      214.9      544.2     -17.79      1.375      119.6      27.31     -110.4      141.8      259.6      89.55     -23.23      94.44      135.9      115.8      49.41      250.6      72.03      20.71      86.35      234.2      10.16      253.9      271.3      416.6      205.8      101.2      310.8      98.74
      189.2        193      480.2      163.4     -167.2      -1056      -1130       50.7     -936.4     -131.4      -1308      -2567     -500.9 -1.465e+04     -671.8     -745.1     -227.7     -458.4       -220     -710.8       -926     -315.1     -693.8     -198.3       -590     -211.2     -499.4     -210.4     -261.6     -599.9     -256.9     -176.6     -137.2     -19.27      1.436      71.43      385.5      76.87     -202.7      40.83     -162.2      -38.4     -398.4     -268.3      257.5     -272.4     -316.6     -799.5     -752.1     -461.3     -317.7      86.86      167.3     -136.9      385.6     -58.72      388.7     -446.5      584.6        156      835.8      254.2      477.4      416.9      239.6      571.8      650.3      274.7        198      59.97     -165.5     -242.3      12.84     -86.12        921     -206.9      756.1      602.6      164.5     -69.59       1140       2454       4913      -1574     -2.549      -19.7       -253     -95.17      244.8      416.5      298.9      280.8     -308.3     -61.21     -55.09      344.5      137.7      97.25      96.77      563.1      275.5      44.93        319     -10.62      12.08      285.5      130.2      111.1      246.9      182.8      165.3      20.03      151.3      141.2      183.1      96.91      272.6      102.1      7.043      72.97      365.7      43.74      388.6      466.8        321      476.4      348.1      224.8      198.8
      131.6      239.4      75.59       -178     -173.8      -1093      -2938     -231.4      -3329       -220      -4483      -3823     -783.7     -671.8 -4.773e+04      -1465     -416.4      -1313      -8575      -3623      -3490     -558.7     -646.6     -696.3     -184.8     -364.9      299.4     -776.2     -169.9      569.7      867.2       1205      265.4      17.12      -1015      -1348     -126.2      -1073     -195.5      60.19      -76.5     -364.2      587.8       4008       -131      -1224     -147.5      -2164     -36.37      -2186      -2.34     -107.4      770.2        542      777.7      699.2       1300      683.4      701.5      -1642       1221     -98.77       1041      792.4      242.4       1901       1552      135.5     -61.87      496.3     -208.8     -175.5      34.27     -43.56       1488       1050      330.3      667.7       1277       1840       4108       1999       3695       2760     -218.6     -258.6      72.19        437     -22.04      490.2        354      492.5     -81.41     -144.1      411.3     -204.6      376.7      196.3        267       1129      323.7        553       1133      40.93      44.52      98.73      309.3      84.89      52.22      155.2      261.5      14.67      230.5      192.8      124.1      166.2      352.7      236.3     -25.39        224      85.26      33.89      7.338      535.5      705.6      545.2      438.3      312.7      217.7
      131.3      160.9      140.6      183.7     -67.62     -390.3     -308.3      50.61     -755.4     -90.25     -555.7     -825.8     -269.9     -745.1      -1465      -7420       -681      -4745      352.5      14.72     -230.1      258.3     -302.2      162.2      6.164      22.21      2.906     -223.4     -139.2      494.8      51.41      199.9      39.56     -50.85      117.8     -8.384      110.1     -82.14       33.8      1.343      53.82      35.54      500.9      498.6     -72.76     -114.8     -444.4     -114.7     -272.1        426     -183.7      28.81      23.13      105.1      685.4      23.61     -153.2      63.56      2.425       -728      409.3      236.7       -168     -96.61        207     -59.73      202.2      365.2     -112.6     -301.9     -116.5      -57.2      -6.64      27.62      631.2      176.8      55.11      840.8      95.35      111.8       1841       1673      860.4      -2920      49.17      24.18        174     -3.964      115.1      154.5      276.5        416      241.7      186.3      465.5      405.3      148.3      177.3      166.4      283.4        382      287.4      239.2     -15.02       6.81      31.52      223.4      51.69     -24.01      129.7      94.11      4.335      82.96      118.4      144.9      72.65      218.8      54.02     -81.63      15.55        236      16.44      193.4      257.4      236.4      159.7      237.9      216.6      36.89
      33.79      33.79      22.55      123.7      195.9     -50.02      200.1      133.1      36.31     -3.069      -63.1     -575.1     -27.87     -227.7     -416.4       -681      -4029     -523.8     -11.59     -5.968      26.23     -42.66     -433.7     -319.6      31.61     -221.2      271.4     -30.93      162.7       -187      70.39     -65.55        226      25.15      98.02      185.2     -102.6     -166.7     -36.88       3.09      104.9     -48.76      453.5       2076      214.6      125.7      146.4      20.29     -129.6      557.5     -144.9     -63.77     -210.9     -470.2     -22.65     -229.9      196.9     -150.2     -117.9      -79.3     -396.4      626.6     -36.39      332.3      51.96      320.6      513.9      464.3     -60.84   -0.03611     -32.31      31.98     -72.14      70.44        378     -147.7       61.4      158.9      172.3      100.7       2110       1266      294.3        453      218.4      -92.3      114.2      25.35      157.9      5.998      19.59      121.4      68.98     -557.7     -205.8      169.9      197.4      48.53      14.56     -163.4      139.9     -15.88      100.8     -53.26  9.408e-09  1.585e-07  1.141e-08  1.234e-07  1.586e-08      66.55      26.67  9.947e-08      26.67      51.48      81.82     -104.9      31.62      34.13     -81.63     -4.344      40.86  2.729e-08      40.86       43.9      30.93      19.68        101      67.92      6.994
      97.34      126.9      83.06      194.2      239.4     -14.63      12.31      154.7     -335.6      1.337     -426.1     -616.4     -239.4     -458.4      -1313      -4745     -523.8      -7320      157.4     -126.4     -112.9        139     -442.9      229.2     -107.7     -228.4       9.78     -73.03     -204.2      299.2       -188      205.8        215      11.34     -48.21     -127.6      110.4     -313.5     -162.4      61.62      141.3     -2.117      370.8     -820.4       23.1     -35.26     -16.54     -235.7     -97.22      441.7     -22.67       53.5      -19.6     -110.4      666.2      266.9      411.8      358.5     -130.2      115.1        482      378.1      301.2      342.2      127.2      379.8     -28.31      92.03      72.92     -16.62     -47.31       82.8       10.6      24.01     -14.87     -326.2       -153      531.6     -343.8      611.6       3239       1085       1558      -2975      146.2      38.57      206.5      111.6      90.86      175.2      163.6      175.3      248.3      386.3      222.9      465.7      190.7      126.5      162.6      282.8      141.9        272      343.6     -11.25       6.81      31.52      223.4      51.69     -24.01      144.4      73.03      4.335      61.88      122.9      109.1        112      176.5      112.2  4.145e-08      112.2      218.1      16.44      175.5      302.8      223.9      200.7      235.8      197.6      42.68
      132.2      182.1      329.3      524.4      162.6     -999.6      -1276     -773.4      -2337     -61.92      -2620      -1512     -635.1       -220      -8575      352.5     -11.59      157.4 -1.813e+04      -5109      -4674     -867.4      -1144      311.9      -1034     -194.2     -620.4     -475.9     -677.4       -211      53.01     -2.492     -216.7      25.29     -652.4       -792      385.7     -299.6      -73.7      119.1     -53.93      172.5      835.2       4088     -1.158       -572     -192.4     -888.3      160.7     -850.8      7.583      184.1        338      123.6      170.2       1036       1300       1085      147.6      516.1       1000     -97.49        209     -67.31      362.4       1242      834.4      616.7      89.86      223.4     -9.679      2.447     -39.33      171.7      846.7      883.4      314.8      558.3       1302      993.9       4356       1813       1568       2751      114.7      223.3        102      173.2        273      332.6      256.5      549.6       5.71      535.9      359.8      201.4      289.3      193.1      207.8      626.9      301.7      565.2      603.4      14.44      28.14     -305.4      111.6      152.7     -33.99     -9.146      47.46      23.58      31.73      32.35      110.8       63.7      264.9      102.2     -11.94      91.42        213      15.29      208.7      307.5      351.3      382.3      296.2      281.3      191.8
      377.2      279.2      370.9      850.4     -51.81     -694.7      -1123     -263.2     -247.1      12.06     -692.4      -1047     -643.5     -710.8      -3623      14.72     -5.968     -126.4      -5109  -3.75e+04  -2.89e+04      -1792      -4633     -824.1      -2264     -478.2      -2212      -1251      -1218     -365.7      -1349      -1597     -863.6       -255      -3986      -3457      -1028      -2598     -981.9      6.331     -856.6      -1220      -1353       3485     -627.7       -832     -966.3      -1114      -1753     -943.8      447.4      315.7     -40.12     -18.24      190.5      640.8     -928.2      389.5     -515.1      806.5      709.2     -263.4      535.4       1393      265.1       1046       1060      33.81     -161.9     -698.4     -20.82       -191     -155.7     -16.55       1326      432.4       1620      835.6       1286        935       4079       4379       3411       2735      387.3      154.4      377.2      232.2      164.2      559.5      647.5      954.9     -577.9      680.1       1847     -214.2      256.6      143.6      178.8      857.3      246.1      108.7      632.8      50.41      73.05     -123.6      252.3      179.8     -613.6      226.6      101.1      12.84      93.45      108.3      35.57      137.7      287.4      21.59     -21.98      47.16      410.3      8.501      451.3      290.6      296.9      573.2      466.6      208.8      326.3
        327      277.3      419.5      983.9      86.84     -857.6      -1693     -62.93      -1753     -118.8      -1767      -1365     -689.6       -926      -3490     -230.1      26.23     -112.9      -4674  -2.89e+04 -4.292e+04      -1630      -5159     -938.4      -2714     -605.2      -2169      -2327      -1851     -986.5      -1556      -1503     -468.6     -594.5      -3280      -2955      -1181      -2785      -1046      6.332     -920.9      -1103      -1529       3423     -239.2     -221.6       -745     -963.9     -679.7     -346.4      386.7        307      137.9      48.64      23.28      449.3        272      634.5     -176.9       1517      746.4     -324.6      403.3       1464      335.5       1116       1036      355.7      -79.1     -690.1     -163.6     -278.7     -186.6      298.8       1514     -300.5       1814      835.4       1503       1303       4063       4288       3170       2580      371.4      134.7      433.9        307        350      544.2      463.8      578.1      -1199      579.8       1796        489        159      123.4      158.6      756.6      261.7     -229.8      651.7      50.41      42.11      232.4      241.9      163.3      218.2      280.9      119.6      12.84        112      167.4      125.4      179.6      333.6      52.85     -21.98      78.42        327      8.501        368      426.1      358.3      455.3      520.3      322.7      319.9
      419.8      441.6      556.3      631.4      169.7      197.5      34.79      29.68      334.6     -112.1     -312.1     -282.2     -720.1     -315.1     -558.7      258.3     -42.66        139     -867.4      -1792      -1630 -2.131e+04      -3945      -1642      -2019     -317.4      -1860     -371.6      -1437      -1255      -1273       -296     -773.5      11.67      -1109     -684.7     -610.5     -858.8       -154     -45.21     -171.2     -506.3     -193.9      -1936     -141.8        170      445.9      17.82      743.4      918.6      349.5      138.6     -92.96     -81.76     -722.2     -865.4      90.39      -1443     -427.5     -292.3     -880.4      760.7        719      92.26      -1379     -102.7      775.5     -432.4      121.9      286.6      192.9      218.1     -14.29      493.9       1197        420       1078      224.9      721.6      48.03       3077       2219      -2163     -496.3      27.02      58.78      46.46      246.3      64.47      484.8      443.9      581.6      544.1       1126       -273      326.7      187.2      214.9      257.2      545.1      131.3      406.7      619.3      30.01      67.12      103.4      310.3       -170      54.13      253.1      173.7      25.16      164.9      135.6      147.6      119.2      118.4      136.2      29.22      171.5      413.7      15.46      374.9      439.9      315.7      459.9      310.2      317.6      174.3
      121.8      92.35      468.4      247.6      119.1      763.8     -840.1     -172.5     -290.9     -89.07      -1571       -592     -475.8     -693.8     -646.6     -302.2     -433.7     -442.9      -1144      -4633      -5159      -3945 -4.084e+04      -2189 -1.073e+04     -654.7      -8990      -1815      -5614      -1867      -4204      -1397      -2052     -236.4      -1803      -1783       -289      -1051     -436.3     -106.6     -429.5      -2227      -1369       2526     -493.4     -29.71      -1603      -1139       1413     -397.2      486.6      569.1        205      420.3     -228.8     -81.96     -595.2      131.5     -16.73     -708.9        320      558.7      321.9        639      170.2      204.9       1427     -210.1     -129.6     -562.4      7.597      26.48     -106.8      606.4      925.4      205.4       1361      893.7      967.8      301.7       6497       1763       7622      -2432        168      20.34     -12.29      38.09      30.85      384.2      410.7      388.3      123.5     -29.29      158.5     -43.12      333.7      265.9      265.1        804      541.7       1073      901.4      6.248     -8.982     -742.2      364.1      21.16     -741.1      285.2      95.23      23.59      61.41      146.8      149.7      344.8      368.5      113.6      10.65      105.8      322.4      11.88      317.4      239.5      365.1      485.2      328.8      231.5      153.4
