
 68

((((((((Cymbaxinella_damicornis_cdhit_CDAM: 0.210878, (Polymastia_invaginata_cdhit_PINV: 0.225247, ((Tethya_wilhelma_cdhit_TWIL: 0.211227, (Spheciospongia_vesparium_cdhit_SVES: 0.006152, Cliona_varians_cdhit_CVAR: 0.007948): 0.207154): 0.032776, ((Prosuberites_sp_cdhit_PrSP: 0.101968, (Pseudospongosorites_suberitoides_cdhit_PSUB: 0.109508, Halichondria_panicea_cdhit_HPAN: 0.142357): 0.115160): 0.079041, (((Isodyctia_sp_cdhit_IsSP: 0.176002, (Latrunculia_apicalis_cdhit_LAPI: 0.124895, (Iophon_unicorne_cdhit_IUNI: 0.137159, (Tedania_anhelans_cdhit_TANH: 0.131032, (Kirkpatrickia_variolosa_cdhit_KVAR: 0.086147, (Phorbas_areolatus_cdhit_PARE: 0.055730, Crella_elegans_cdhit_CELE: 0.070289): 0.026289): 0.036001): 0.025310): 0.034807): 0.046657): 0.014185, Crambe_crambe_cdhit_CCRA: 0.140817): 0.032115, ((Mycale_phyllophila_cdhit_MPHY: 0.130307, ((Mycale_lingua_cdhit_MLIN: 0.050111, Mycale_laevis_cdhit_MLAE: 0.071900): 0.012421, (Mycale_tridens_cdhit_MTRI: 0.004698, Mycale_acerata_cdhit_MACE: 0.009328): 0.083957): 0.025792): 0.099132, Chondrocladia_roberballardi_cdhit_CROB: 0.161928): 0.103272): 0.159583): 0.019337): 0.038728): 0.018455): 0.057171, (Phakellia_ventilabrum_cdhit_PVEN: 0.055854, (Phakellia_robusta_cdhit_PROB: 0.030631, Cymbastela_concentrica_cdhit_CCON: 0.035135): 0.040159): 0.179583): 0.035392, ((Poecillastra_compressa_cdhit_PCOM: 0.091563, ((Stryphnus_fortis_pep_cdhit_SFOR: 0.027576, Stelletta_normani_cdhit_SNOR: 0.033070): 0.102702, (Geodia_phlegrai_cdhit_GPHL: 0.094497, ((Geodia_macandrewi_cdhit_GMAC: 0.050777, ((Geodia_parva_cdhit_GPAR: 0.001944, Geodia_hentscheli_cdhit_GHEN: 0.000911): 0.034440, Geodia_barretti_cdhit_GBAR: 0.019960): 0.035155): 0.038755, Geodia_atlantica_cdhit_GANT: 0.074705): 0.017345): 0.047383): 0.071183): 0.068553, Craniella_infrequens_cdhit_CINF: 0.160240): 0.243803): 0.044665, ((Scopalina_sp_cdhit_ScSP: 0.054883, Scopalina_ruetzleri_cdhit_SRUE: 0.036873): 0.271211, ((Spongilla_lacustris_cdhit_SLAC: 0.070027, Eunapius_fragilis_cdhit_EFRA: 0.073093): 0.017721, (Ephydatia_muelleri_cdhit_Eph: 0.031130, (Lubomirskia_abietina_cdhit_LABI: 0.001155, (Lubomirskia_baicalensis_A8_cdhit_LBAI: 0.001742, Baikalospongia_bacillifera_cdhit_BBAC: 0.004792): 0.000270): 0.050086): 0.051059): 0.403313): 0.068858): 0.075845, (Haliclona_penicillata_cdhit_HPEN: 0.320695, (Petrosia_ficiformis_cdhit_PFIC: 0.221304, Amphimedon_queenslandica_cdhit_AQUE: 0.341034): 0.095405): 0.198261): 0.182163, (((Vaceletia_sp_cdhit_VaSP: 0.058225, (Spongia_officinalis_cdhit_SOFF: 0.055014, Ircinia_fasciculata_cdhit_IFAS: 0.062432): 0.044638): 0.088299, Dendrilla_antarctica_cdhit_DANT: 0.220573): 0.405502, (((Halisarca_dujardini_cdhit_HDUJ: 0.179626, Halisarca_caerulea_cdhit_HCAE: 0.078484): 0.033813, Chondrilla_caribensis_cdhit_CCAR: 0.090882): 0.219337, Aplysina_aerophoba_cdhit_AAER: 0.273924): 0.435866): 0.080902): 0.155225, ((Vazella_pourtalesi_cdhit_VPOU: 0.032215, Sympagella_nux_cdhit_SNUX: 0.090183): 0.001898, Rossella_fibulata_cdhit_RFIB: 0.036248): 1.235865): 0.254004, ((Oscarella_pearsei_cdhit_OPEA: 0.385420, Corticium_candelabrum_cdhit_CCAN: 0.388930): 0.217612, ((Sycon_coactum_cdhit_SCOA: 0.111022, Sycon_ciliatum_cdhit_SCIL: 0.094593): 0.327566, (Leucetta_giribeti_cdhit_LGIR: 0.145605, Clathrina_coriacea_cdhit_CCOR: 0.198432): 0.086053): 0.424435): 0.079808, (Pleurobrachia_bachei_pep_cdhit_PBAC: 1.951790, ((Lottia_gigantea_pep_cdhit_LGIG: 0.488648, Homo_sapiens_pep_cdhit_HSAP: 0.453157): 0.151944, (Nematostella_vectensis_cdhit_NVEC: 0.348096, Aurelia_aurita_pep_cdhit_AAUR: 0.541601): 0.138571): 0.054643): 0.117972);

  0.254004  0.155225  0.182163  0.075845  0.044665  0.035392  0.057171  0.210878  0.018455  0.225247  0.038728  0.032776  0.211227  0.207154  0.006152  0.007948  0.019337  0.079041  0.101968  0.115160  0.109508  0.142357  0.159583  0.032115  0.014185  0.176002  0.046657  0.124895  0.034807  0.137159  0.025310  0.131032  0.036001  0.086147  0.026289  0.055730  0.070289  0.140817  0.103272  0.099132  0.130307  0.025792  0.012421  0.050111  0.071900  0.083957  0.004698  0.009328  0.161928  0.179583  0.055854  0.040159  0.030631  0.035135  0.243803  0.068553  0.091563  0.071183  0.102702  0.027576  0.033070  0.047383  0.094497  0.017345  0.038755  0.050777  0.035155  0.034440  0.001944  0.000911  0.019960  0.074705  0.160240  0.068858  0.271211  0.054883  0.036873  0.403313  0.017721  0.070027  0.073093  0.051059  0.031130  0.050086  0.001155  0.000270  0.001742  0.004792  0.198261  0.320695  0.095405  0.221304  0.341034  0.080902  0.405502  0.088299  0.058225  0.044638  0.055014  0.062432  0.220573  0.435866  0.219337  0.033813  0.179626  0.078484  0.090882  0.273924  1.235865  0.001898  0.032215  0.090183  0.036248  0.079808  0.217612  0.385420  0.388930  0.424435  0.327566  0.111022  0.094593  0.086053  0.145605  0.198432  0.117972  1.951790  0.054643  0.151944  0.488648  0.453157  0.138571  0.348096  0.541601

  0.000000  0.000000  0.000000  0.000000  0.005572  0.000000 -0.006882  0.000000  0.000000  0.000000  0.008826 -0.006904  0.000000  0.000000  0.000000  0.000000  0.000000 -0.014025  0.000000  0.000000  0.000000  0.000000  0.000000  0.005499  0.005452  0.000000 -0.007369  0.000000  0.000000  0.000000 -0.009935 -0.009264 -0.006180  0.007235  0.000000  0.000000  0.000000  0.000000 -0.008178  0.000000  0.000000 -0.007235  0.005749  0.000000  0.000000 -0.005236  0.000000 -0.018743  0.000000  0.000000  0.000000 -0.013011 -0.007624 -0.012230 -0.007605 -0.007082  0.000000 -0.005162  0.000000  0.000000 -0.015072  0.000000  0.000000  0.000000  0.000000 -0.010664 -0.014761  0.000000  0.000000 -0.012503 -0.007419  0.000000  0.000000 -0.015384  0.000000  0.000000  0.000000 -0.008399 -0.009437 -0.007888 -0.007052  0.000000  0.000000 -0.007483 -0.021512 -0.046408 -0.037769 -0.032151  0.000000  0.000000 -0.005048  0.000000  0.000000  0.005520  0.000000  0.000000  0.000000 -0.005154 -0.006621 -0.007396  0.000000  0.000000  0.000000  0.000000  0.000000  0.000000  0.000000  0.000000  0.000000  0.000000  0.000000  0.000000 -0.007162  0.000000  0.000000  0.000000  0.000000  0.000000 -0.005152  0.000000 -0.008774  0.000000  0.000000  0.000000  0.005076  0.000000  0.000000  0.000000  0.000000 -0.005307  0.000000  0.000000  0.000000


Hessian

      -5265      -4589      -1005     -278.7     -35.12        165      422.8      278.2      230.5     -28.16      392.6      700.2      585.2      478.2     -19.22      473.8      7.571      172.6      24.13      174.1      202.4      280.9      410.9      716.6      799.2      560.2      440.4      527.7      778.1        226      827.7        793      738.4      727.1      726.1      598.3        242      4.582      259.4      349.7      506.2      687.2      441.4     -7.899      501.7      592.3       1060      435.5        235      416.3      173.9        695      255.7      875.1      177.1      135.5      567.9        409      604.3        479      707.1      672.8      375.5      216.5      772.7      485.4      780.6        453      466.3       1065      769.6      542.6      196.8     -183.9      275.1      292.8      49.22      93.42      272.4      264.3      720.9        313     -59.41      237.3      -1082       4440      378.1        720      215.8      106.1      205.9      379.8      108.1     -254.2     -60.17      60.83      318.8      157.2     -62.28     -42.55      70.68     -57.28     -50.64      475.9      361.1      268.3      472.4       10.3     -11.38     -108.9      197.8      6.631      10.54     -517.6     -164.4       4.31     -158.8     -259.1     -77.09      194.9        259      96.61      9.256      116.8      -1484      -4.82      -1472     -546.7     -17.25     -120.9     -148.4     -95.26     -52.61
      -4589      -5644      -1162     -400.1     -96.93      84.09      467.1      255.7      425.1      9.244      503.2      746.5        649      450.1      52.27      455.7     -22.68      192.8      24.13      194.4      226.5      288.3      362.5        756      872.7      528.2      387.1      605.8      919.9        269      938.7      795.3      744.5        771      738.3      634.9      295.2     -19.36      300.3      440.1      577.2      727.5      489.2      5.313      538.4      582.7       1049      386.6      191.1      348.7      215.7      766.1      157.1      668.9      152.7      200.1      501.7        422      617.2      154.8      665.9      833.1      249.3      367.5      807.7      563.2      875.8      618.2      555.8       1709      851.4      670.3      216.6     -156.4        288      304.7      48.06      76.18      239.3      132.9      752.7      386.2     -26.25      302.7      -1029       4505       1525        651      235.2      113.9      259.6      382.5      105.8     -298.9       -107      100.4      295.4      207.5      76.53      13.44      87.97     -73.19     -56.57        462      335.6      209.2      427.6      2.683     -91.45     -87.05      73.13     -119.1     -34.42     -442.9     -161.9      3.816     -156.6     -213.9      -11.4      175.6      265.3      103.5     -27.25      132.5      -1418     -6.704      -1428       -542     -51.68       -111     -143.1     -43.59     -51.01
      -1005      -1162 -1.108e+04      -3007      -1166     -20.76     -69.72        259     -86.77      63.85      126.8      256.4      414.3      425.3        118      464.2      452.4      224.3      27.81      194.5        134      410.1        405      533.1      305.7      797.5      742.9        594      742.2      217.2      429.3      816.6       1034      928.9      941.4       1278      567.2     -167.5     -57.41      235.5      199.7      916.4      148.6      50.39      184.9      33.07       1151      440.1      327.4      77.09      98.41      762.7      909.2      587.9      32.71     -26.26      367.8     -53.59      445.5      477.1      426.4      853.1      654.9      527.6      296.7     -254.5      622.3        519      -1057      138.8      872.1        307      114.5      63.97      315.9      296.4       23.6     -15.77      463.7     -140.6        278      688.3      808.6      415.1     -52.98       7469      -3478      261.4      268.3      262.7      134.5      306.7      242.1      -2827      -1081     -41.38      417.9      196.1      281.4      324.1      122.8     -510.9     -405.1      492.8      213.9      336.2      452.9      20.91     -41.56      129.5      35.33      199.6      147.2      115.4     -27.73     -1.857     -28.49      6.706        199      722.7      390.7      273.8      62.04      254.1     -413.9      1.523     -416.1      -78.7      153.4      149.2      84.99      162.7      95.34
     -278.7     -400.1      -3007 -2.509e+04      -3997      -1170     -484.5      331.5       -663     -21.28     -648.2       1080     -114.4      207.3      80.46      203.1      135.6     -237.2       85.5     -222.1      516.3     -134.3      314.9        138     -286.1      213.7        101      239.3      952.5      290.2      714.3      653.5     -305.3       1108        533      688.5      196.3     -50.65     -8.269      227.4      193.1      678.8      748.6      62.74      788.5        540       1343        373        420     -367.3      621.1     -48.82      312.9      306.8      386.3      703.6      752.1        897      544.1      626.7     -369.9      635.3     -223.6      660.6      -7.06      177.8       1529      270.4       1081     -240.3     -125.1     -570.9      524.7      20.05      183.9      141.3     -5.657      137.2      511.5      557.3      588.3      596.3      36.84      259.6       5036       2551      -4023       3212      -3443     -246.1      -2336     -346.3     -354.6      -1053     -419.4      173.4      695.7      468.8      228.3      829.1      239.5        -49      80.17      458.5      261.2      624.4     -42.42      175.3       19.7      -24.1      439.4      324.7      58.56      142.9      64.45      13.24      97.43     -56.24      203.6       1227       1066      303.7      171.9      359.4      85.86      5.405      112.3      170.2      479.8      167.1      237.1      286.9      157.3
     -35.12     -96.93      -1166      -3997 -4.806e+04      -9602      -2705     -63.87      -2854      157.6      -2380      491.5     -474.2      22.31      90.55     -16.74      770.3     -12.73      91.34      165.9      501.8      307.1      509.1      783.7     -124.4      314.8      739.1       1171      605.4      941.3       1788      233.6     -272.8      428.4      314.5      969.1      864.3     -500.7      392.6     -401.1      269.3      5.164      611.5      275.7      468.5      707.5      -1093      -1282      93.77      -1853      -1242      55.35      798.1     -124.5     -604.6     -67.79       1046        140     -137.9      479.3      208.4      718.2     -284.1      794.4       1344       1716       1905     -248.2       1179       2597      191.6      390.7      409.8      -7292      -1036     -996.1      97.74      -2137      304.6      317.9       2033      841.3       1661      372.4       9441       6091       6382       3065      -1634      161.3     -380.2      65.26        597     -275.8      6.696        328        995      832.6      609.3      306.8      566.6     -223.7       -125        205      537.4      208.1      -82.7      109.4      87.23     -732.1      677.6      579.5     -73.47     -50.41      291.6     -28.97      295.6      64.08      220.9      840.2      557.8      252.4      201.1        286      502.2      11.63        549      528.4      517.1      428.6      227.4      98.29      236.6
        165      84.09     -20.76      -1170      -9602 -6.002e+04      -6636     -241.2      -4885     -7.057      -4175      -1087      -1337     -255.9      141.3     -209.8     -500.3     -709.6      141.1     -701.2      150.2     -342.8       -460      399.6      494.4      622.9      947.5       1169      -1146      276.3      -1560        492      512.8      79.42       2130        910      254.6      199.2      380.2      177.4      93.95       1349      219.2      134.5      69.76      617.9      -1470     -155.5      37.83      -3300     -663.1     -666.1      -3856     -957.6      -3371      -2639      387.7     -874.9     -234.5       1183       -972      636.6     -400.9      785.4     -475.9      580.8      438.7     -908.6      154.7     -869.8     -498.8      480.6      38.39      -3190     -183.3     -82.48      102.4     -714.9       1206      465.4       1190       1517       1100       1063       4683       9121       9155       3787      -1052        188     -466.1     -46.75     -179.7      441.7      584.6      972.8      969.3        599     -84.23     -36.07      354.1      232.1        206       1001      513.1      676.2      159.5      121.8      104.5     -101.2      598.5      8.864      232.6      384.3      387.1     -9.878      349.7      361.2      244.9       1155      723.5      407.5      158.7      290.3      360.3      11.96      413.3      551.9      290.4      202.7        760      756.7      386.6
      422.8      467.1     -69.72     -484.5      -2705      -6636 -4.502e+04     -625.2  -2.07e+04     -33.53 -1.842e+04      -2902      -1065     -116.8      126.8       -113      -2365      -1313     -251.4      -1386     -178.6       -352      -1496     -720.1      353.1     -176.6      156.1      772.1      -1160      167.8      -1999     -271.3     -386.2       82.1      316.9      207.8      733.5     -392.7       1007      533.8     -4.334      568.4     -648.1     -179.2     -125.1      -1269       1513      -2207      81.88      -4482     -128.3      -1588       1124     -105.6      -1546      -1176      478.7      236.3      171.1       -764     -240.2      690.7      359.8      613.6     -59.18     -147.1      652.8     -508.7      470.7      -3127      587.5      503.5       29.5       -956     -8.689      11.75      53.59     -268.4       2029      5.349       1472       2746      284.4       2114       2935 -1.902e+04       8445        867     -241.6      44.34     -176.5      98.78      136.3     -112.9      236.7        845       1017        975      421.8        109      451.1      149.6      155.3      509.1      471.3      439.8      618.8      43.35      105.8      794.1      177.6      603.1      407.4        426      72.29     -25.05      64.73      454.3      475.4       1136      600.2      351.1      106.9      274.8      480.3      27.64      476.7      629.8      374.2      438.8      371.9      446.9      409.2
      278.2      255.7        259      331.5     -63.87     -241.2     -625.2 -1.016e+04     -785.9      73.12     -515.2     -186.8     -99.85     -51.15      144.7    -0.1368     -578.7      428.3      64.45      392.8     -182.3      215.1      -1511      196.6        188     -311.6        177        124      373.7      396.1      578.1      337.8      736.6      374.8     -192.2      305.4      456.6      218.5      -1438      -1478      213.1      -1660      -1807      98.94      -1682      177.5      435.2      212.7     -16.49       -633     -182.8     -713.9       -852     -593.3     -255.5     -90.52     -80.78      364.6     -212.1      502.7      734.4      185.5      924.5      778.4     -122.6     -27.42      232.4      336.2      569.6      108.2     -244.8      137.7     -1.941      364.5      175.6      104.9      36.17      99.92        213        316      452.6       -376      872.3      866.9      -1252     -655.2     -899.1      -1577      182.3     -6.144      90.82      180.9      72.24      234.9      149.1      424.4      113.6     -4.492      664.1       99.9      159.6      158.3      231.3     -89.57      531.6      256.8        290      27.89      48.25     -54.54      12.49     -138.4     -265.3      135.1      133.3      4.255      116.4      225.8      249.1      126.1      259.7      231.5      36.21      218.8      174.5     -1.442      181.6      192.5      139.6      263.2      162.1      185.2     -22.15
      230.5      425.1     -86.77       -663      -2854      -4885  -2.07e+04     -785.9 -4.743e+04        -54 -3.898e+04      -4710      -1022     -227.7        146     -191.7      -5675       -853      43.45     -640.7     -19.18     -446.7      -2462      -1366     -636.5       60.3     -651.6      991.2     -383.1     -180.8      526.5     -472.9      496.3      382.4      3.218     -601.8      806.8      244.5      365.8     -802.3     -108.8     -239.4      -1244       52.5      -1097     -313.1       1454      681.4      -97.3      -2760        388     -666.2      -19.8     -586.4      -1328     -564.7      183.2      89.13      721.6     -747.7     -623.6       1470      242.1      -1094       1026      486.3      456.1     -279.7      439.4      -3140      512.3      31.68        178     -518.8     -96.74     -137.9      63.69     -88.44       1985      732.4      798.1       2467      -1158       2220       5609 -1.909e+04       8390       3259     -258.1     -151.3     -217.5     -268.2      222.1     -221.8      259.9       1187       1586      861.5      11.35      492.3        759      120.9      158.8      138.2      717.7      657.6       1201      51.42       96.9      782.2      10.13      273.7      635.2      353.5      242.1      30.25      231.9      429.3      398.2      601.1      670.2      486.3      178.9      329.3      339.7      18.49      338.3      767.6      517.7      779.7      363.2      541.8      264.8
     -28.16      9.244      63.85     -21.28      157.6     -7.057     -33.53      73.12        -54      -2357     -316.2     -93.26     -157.7     -251.6       11.6     -250.5     -37.55     -69.04     -60.31     -61.07      66.63      6.452      1.251     -270.3     -190.3      62.72      180.1     -15.04      52.81     -6.934     -126.9      126.2     -28.97     -19.37     -422.1      163.4     -248.8      26.46      6.302       20.1      8.348     -95.51        175       63.7      193.3     -240.6       83.8      324.1     -91.41     -116.3      220.5     -125.1     -121.1      475.6     -40.51      152.5     -44.22      -17.1      155.3     -131.3      291.9      144.4     -146.2     -413.4     -27.35      21.05      53.24     -513.8      46.46       2111        182      17.51      10.66      101.6      2.783      49.99      95.26      -22.6      117.3     -41.61      82.08      -66.9        112     -132.2      137.3      135.9      -1351     -256.7      64.87       61.8      91.93       13.3      94.95      5.434      3.669      91.06      172.4      368.3      97.02      200.7      1.549      49.52      66.48      93.98     -82.31     -65.89     -14.68     -22.22      18.38      218.4      294.9     -82.88      171.7      26.07         81         12      85.53      37.72      35.57     -135.1     -97.82      4.155    2.1e-07      4.155      120.9      6.564      109.5      108.5      73.43       3.27      10.46      97.76      93.96
      392.6      503.2      126.8     -648.2      -2380      -4175 -1.842e+04     -515.2 -3.898e+04     -316.2 -4.748e+04      -5061      -1103     -246.4      117.8     -212.4      -6659     -791.1       60.2     -558.9      32.84     -387.9      -2268     -536.7     -50.72      92.74      -1062      994.4     -471.3     -195.5      524.6     -536.2      651.5        137        338     -591.9      569.5      220.6      181.3     -973.8     -394.4     -391.3      -1599      25.04      -1454     -155.7       1441      727.1      -14.1      -2453      146.4      -1085      10.24     -303.9      -1118     -512.4      339.4       7.85      341.7      -1513       -697       1353      233.9      -1997      902.7      491.2      822.8      -1056      480.3       2657      653.9     -494.8      38.75      -1129     -112.7     -154.2      32.06      91.94       1468      860.3      694.6       2210      -1098       1934       5546 -1.918e+04       8325       2885     -517.1      61.57     -220.9     -105.9      229.6      82.36      384.8       1275       1401       1447      332.8      659.3      720.1      99.08      150.1        785      535.6      645.1       1051      32.83      93.12        477     -72.72      94.47      386.4      499.6      301.2      1.014      294.5      571.3      553.1      603.7      915.7      530.1      178.9      373.1      521.2      18.15      387.5      447.9      449.3      615.4        206      390.1      242.4
      700.2      746.5      256.4       1080      491.5      -1087      -2902     -186.8      -4710     -93.26      -5061 -7.259e+04      -5550      -6065      87.18      -5913      -6372      -1762     -61.17      -1677      -1129      -1226      -2442      -1317      -1039     -575.2     -515.3      375.9      132.7      -23.9       1087     -707.5     -374.5     -38.56      225.4      617.5      755.9      -32.1     -267.7     -492.6     -523.9       1522       1123      315.9        736      531.6      -1500     -386.1      91.94      -1631     -601.1      -2046       1678      -2075     -704.1     -552.9     -222.5        216     -264.8       1029     -413.4       1405      642.9      213.8        517       2052     -301.3       1283       2171       3065      942.8      503.1        129      441.4      630.4      696.7      115.3      394.2       1119      419.3        185       1472     -926.7      939.1      -4480       3830       7743      254.6      699.4      266.7      329.3      93.03      82.43       1045      592.5      712.8      956.4      233.7     -245.7     -135.7     -200.2      183.3      249.5      136.5      617.8     -340.4      364.7      23.44      52.72       1009       1042      115.2      777.5      917.6        395      30.48      387.5      797.8      727.9     -233.7      145.7      621.1       29.8      670.4      729.5      27.15      711.8      239.8      403.5        569      508.2      405.6      300.6
      585.2        649      414.3     -114.4     -474.2      -1337      -1065     -99.85      -1022     -157.7      -1103      -5550 -2.103e+04     -717.5      148.2     -657.9      -1050     -803.7     -6.955     -784.2     -395.2     -417.5     -758.4       -512     -252.5      398.9     -362.1     -448.3     -523.4     -26.97      184.1      452.9       1055     -169.9     -243.2      139.7      -1178        285     -173.1     -254.6      459.7      655.9      389.9     -250.6      592.3      490.8       1453      101.2      139.7       -920     -111.1     -776.7      218.1      -1502     -170.3      144.4       55.6      165.9      105.8     -297.9     -105.7      107.4     -21.12     -395.8     -287.8      657.4       1154     -182.3     -805.7    0.04389      896.6      941.7      113.7     -449.2      31.76      64.06     -23.62      490.7      329.7      806.3      799.4      844.6     -518.3       1074       2998  1.118e+04       7674       2339      320.2      63.79      307.4      304.9      7.638      612.5      319.8      665.6      714.3      370.9      920.6      405.8      481.4      210.5      258.4      814.9      333.3      482.5      544.7      66.13      46.59        649      864.8      197.4      589.5      546.2      356.7     0.7518      339.7      407.5      510.1      431.9      569.7      238.9      99.43      147.2        560      27.75      631.4      559.3      523.3      515.8      426.5      713.3      213.4
      478.2      450.1      425.3      207.3      22.31     -255.9     -116.8     -51.15     -227.7     -251.6     -246.4      -6065     -717.5 -2.062e+04     -445.3 -2.023e+04      -1712       -446      -36.2     -420.9      35.59       -252     -590.1     -5.181     -784.9        171     -100.4     -119.2     -358.4      409.3      449.4     -613.6      637.3      451.2     -209.1     -130.6      474.7      122.6     -246.2     -360.3       -298     -177.6      903.2      213.9      695.8      187.1       1545     -196.6      123.3     -326.2      263.3      298.7     -596.3       -886     -98.63      18.21     -98.29      396.2      320.4       1588     -103.1        863     -667.1     -871.5      705.9      756.6       2236     -154.1       2300       3071       1094     -11.19      27.59      119.9      44.72      91.95      90.75      233.5     -500.4        248      28.65      129.5      635.7     -154.1      -6201       7207       1766      -1364      122.5        274     -110.4     -7.824     -84.94      553.9      219.8      341.4      653.2      40.35      196.4       1025      284.9      260.5        289      98.64      463.9      287.5      331.3      48.34         43        554      69.06      63.75      448.7      572.5      180.5     -3.506      169.2      413.6      454.6      519.5      700.6      115.9      30.82      200.5      406.6      6.434      421.7      467.6      489.4      504.7        588      456.3      271.5
     -19.22      52.27        118      80.46      90.55      141.3      126.8      144.7        146       11.6      117.8      87.18      148.2     -445.3 -1.657e+04      -3994      184.8      11.29  4.174e-08      11.29     -11.49      43.27      109.4      71.81      71.81        159      126.6      123.5      120.9      132.3      100.2      172.3      334.4      213.3        384        151      91.77 -8.325e-08      174.5        139      131.7      119.9      528.5      102.3      374.4      148.2      103.7     -13.24      185.5      154.6      87.08      114.6      214.5       8.72      130.9      130.9     -3.218      135.6      76.26      74.79      49.62        156      123.1      186.8      82.92      249.3      130.8     -22.09      -12.1     -41.66        163      264.3  4.249e-07      135.6      127.1      158.6      144.6        106      94.47      110.5      61.71      100.3      64.58      114.3     -53.77     -53.73     -53.77     -53.66     -367.8     -102.6     -243.4      10.43     -228.5      107.8      114.6      131.4        220      152.4      125.2      3.682      132.9      118.3      107.3      113.1     -597.4      204.7      135.2      27.25      75.91      149.1     -22.89      -1322      105.1     -203.5     -100.2  1.741e-08     -100.2      37.84      37.82       -293     -748.7      4.557  7.849e-08      4.557      24.58  1.615e-08      24.58     -244.2     -6.725     -240.4      26.96     -61.69     -17.23
      473.8      455.7      464.2      203.1     -16.74     -209.8       -113    -0.1368     -191.7     -250.5     -212.4      -5913     -657.9 -2.023e+04      -3994 -3.665e+04      -1446     -404.6      -36.2     -379.5      28.22     -202.6     -606.2     -39.97     -819.7      172.1     -156.7      7.836       -182      449.9      548.6     -466.4      718.9      627.2      35.84      26.51      581.7      122.6     -150.3     -341.4     -134.8     -67.47       1338      233.2      937.7      273.1       1429     -284.3      254.9     -260.5      305.5      345.4     -456.9     -983.8     -57.05      59.79     -89.08      453.2      301.4       1515     -218.9        868     -643.1     -719.5      629.3       1081       2171     -203.8       2286       3020       1003      185.6      27.59      173.7      84.32      175.9      128.4      261.1       -565      215.4     -106.6       75.6      479.3     -196.3      -6391       7018       1577      -1553      55.38      237.9     -98.61      15.58      -54.9      615.7      231.1      404.4      858.6      111.1      203.7       1026      320.3      292.9      300.1      103.7      334.6      497.5      333.1      71.15      53.64      420.5     -81.22     -225.6      317.1      512.4      158.1     -3.506      146.7      425.9      465.5      539.6      609.9      117.6      30.82      202.2      368.7      6.434      383.8        415      477.5      454.8        544      396.5      240.1
      7.571     -22.68      452.4      135.6      770.3     -500.3      -2365     -578.7      -5675     -37.55      -6659      -6372      -1050      -1712      184.8      -1446 -8.709e+04      -4241         83      -4014     -657.7      -3217 -1.177e+04      -4358      -4487     -190.3      -3428      235.8     -758.5      215.2     -249.1      172.3     -835.6     -962.6     -490.8      -1497      142.6      24.17     -980.2     -708.7      -1860      948.2      -1250      143.7      -1538      992.6       2693       2128      30.11      69.97        822      629.7      548.1      872.6     -2.671      490.5      277.5      752.1       1171       2153       2047       2202      90.23       1743        372       2752     -651.9     -525.6       2842       1729       1175      274.2      46.99        909       39.1      61.01      61.28      833.2      424.1       -368       1365     -62.21       1275       1030       8321  1.391e+04       6543      -3409     -139.2     -172.6     -401.9      165.2      824.1      352.8      723.5      814.8       1223      905.8       2015       1496      364.6      30.21     -113.1       1000      789.2       1132      768.3     -153.2      21.63      819.2      531.2      623.9      595.6        340      50.03      4.298      47.57      536.2      678.6       1496      980.6      620.9      56.29        664      460.5      16.44      465.1      384.1      519.1      653.5     -135.2      368.6      566.3
      172.6      192.8      224.3     -237.2     -12.73     -709.6      -1313      428.3       -853     -69.04     -791.1      -1762     -803.7       -446      11.29     -404.6      -4241 -1.401e+04       -134 -1.372e+04      -1214      -8812     -96.19     -922.2     -742.2     -221.2      553.4      199.5      20.91     -23.68      266.5     -708.2     -385.7     -486.3     -253.1      40.57     -205.3      193.5      380.3        621     -206.5      579.5      180.2      203.9      24.24      830.1     -327.7      260.8     -54.59     -299.9      111.4     -163.3      -1391     -566.9     -104.4      185.7     -181.1     -109.9        122     -870.4      347.1      717.1     -316.1      586.6      176.7     -66.63      175.1      570.8      990.4      299.4      610.9     -20.97      17.03     -13.32      -74.6     -46.49      79.65        206       1368      787.7      409.6      678.5       1154      962.2      -1268  1.087e+04      244.2       5418     -14.84      76.29     -65.91      -92.8      1.967        335      356.2      701.1      931.2      946.1      418.3      709.6        277      303.8      206.9      354.7      505.2       -105     -17.53        -21      57.14     -316.9      345.9      187.3     -406.7      259.1        176      14.99      170.5      359.8      343.4        732      497.5        304      58.14      387.8      501.6      11.79      525.1      695.5      638.8        608      304.7      437.7      271.6
      24.13      24.13      27.81       85.5      91.34      141.1     -251.4      64.45      43.45     -60.31       60.2     -61.17     -6.955      -36.2  4.174e-08      -36.2         83       -134     -766.6     -147.8     -4.185      -85.6      14.52     -20.23        145       35.4      69.36      -2.11     -56.18     -29.38      34.97     -77.11     -5.585     -46.06     -66.07      47.52      24.58      26.74     -71.19    0.05222      41.95     -6.419     -154.4       -122      10.86      64.35     -9.906      2.006     -13.62      38.07      66.45     -167.8      60.39      102.9     -28.53      60.35     -50.57      41.79      52.83      92.18        104     -2.013     -79.93       5.56      3.152     -94.36     -223.6      20.97     -10.09      22.04     -13.22     -105.4      14.99      76.26      51.48      88.01      34.18       24.4      107.5      92.52      131.2      57.46        126      31.87     -8.113     -6.828      714.7     -8.045      83.44     -3.759      26.65      3.156     -9.882      24.23     -8.327     -53.15      41.03      56.28      78.23      141.5      35.14       45.2      31.42     -75.34     -13.04     -53.54     -197.1      1.689  -6.06e-09   4.43e-08  1.699e-07  1.572e-07 -2.572e-07     -22.04      2.329 -4.636e-09      2.329      5.293     -27.23      63.87      51.88     -6.612     -38.99     -17.35      14.79 -8.619e-09      14.79      28.27       9.57     0.9054      -2.71      46.62     -5.998
      174.1      194.4      194.5     -222.1      165.9     -701.2      -1386      392.8     -640.7     -61.07     -558.9      -1677     -784.2     -420.9      11.29     -379.5      -4014 -1.372e+04     -147.8 -1.403e+04      -1270      -8906      28.12     -836.4       -641     -285.7      630.8      212.2     -164.9       2.48      273.6       -656     -195.9     -434.5     -130.3        148     -200.5      194.4      417.5        658     -193.5      675.2      149.3      146.4      48.29        802     -384.6        218     -46.48     -319.2     -19.98     -194.3      -1387     -523.3       -103      101.8     -98.56     -85.64      123.2     -811.4      330.4      649.2       -292        584      211.7      9.132      192.9      605.7       1022      334.7      619.4      16.87      19.76     -5.962     -97.88     -55.31      77.76      137.8       1124      826.9      656.3      701.7       1511      908.1      -1320  1.081e+04      185.5       5366     -12.44       87.3     -103.2     -117.6     -22.72      305.1      364.2      717.4      951.8      967.6      451.7      594.7      295.8      306.4      230.5      391.2      530.2      -77.1      17.81     -15.08      57.14     -316.9      345.9      187.3     -406.7      264.5      180.6      14.99      175.1      363.6      346.4      732.4        501      308.8      56.52      376.7      515.3      11.79      538.8      706.1      600.3      621.4      367.5        426        259
      202.4      226.5        134      516.3      501.8      150.2     -178.6     -182.3     -19.18      66.63      32.84      -1129     -395.2      35.59     -11.49      28.22     -657.7      -1214     -4.185      -1270      -9157      -1448        183      280.6     -568.2     -325.5      252.3     -402.9     -355.8      12.66     -287.9     -71.47     -135.5      209.6     -13.56     -361.9     -592.1      91.32      75.46      -65.9     -126.1     -203.3     -506.4     -148.1     -51.23      153.6      591.8        358     -163.7     -223.8     -660.7     -665.6     -249.7    -0.8108      20.05     -8.709       55.5      92.01     -110.3     -72.73      313.8     -44.31     -129.9     -236.6      673.8     -451.2     -818.1     -143.8     -194.9      10.23      467.6      16.12     -173.4     -46.97     -259.9     -327.3     -189.3      107.5      131.7      377.3      386.6       1000       -188      362.5      185.2      246.9       2210       1014      98.08      9.985     -15.61      49.32      100.7      162.5      112.3      32.44     -431.7     -122.2     -980.5     -562.5      68.18      67.05      26.69       16.6      187.7      310.4      113.9      76.77      8.554     -262.5     -32.94     -97.12       -261      206.3      80.07 -2.919e-08      80.07      152.8      206.8     -36.04      5.442      209.9      85.25        251      206.2     -1.879        237      92.46      49.31      206.8      212.3        189      96.98
      280.9      288.3      410.1     -134.3      307.1     -342.8       -352      215.1     -446.7      6.452     -387.9      -1226     -417.5       -252      43.27     -202.6      -3217      -8812      -85.6      -8906      -1448 -1.576e+04     -167.5     -465.6      -1162      13.97      369.2     -300.6      346.1      155.8       -250     -858.6     -123.4     -241.2     -196.5      173.9     -238.2       -253      388.2      734.3      154.4       1080      756.5      125.1      524.3        622     -422.6     -183.5      137.2     -373.2     -233.6      130.9      -1189      -1634      39.37      51.68     -98.54      196.7      131.8     -340.3     -214.5      961.3      90.95      940.2      613.4     -334.4     -344.5      730.8       1044      425.5        228      760.7      34.99      127.5     -80.31     -60.21       36.5      266.6       1295       1225      143.4       1401       1656       1386      -1458   1.06e+04         13       5739     -43.05      131.9      36.19      3.346      55.85      166.6      381.9      578.1      337.1      151.7      598.1     -540.1      163.7      285.2      213.9      496.8      433.3      28.89      208.9      38.28      32.73     -170.3      47.39     -7.657     -267.2      412.7      182.8      14.99      177.2      298.7      418.3      398.3      381.4      219.4     -12.87      284.9      539.1      5.862      549.3        725      603.6      680.1      569.2      360.5      186.3
      410.9      362.5        405      314.9      509.1       -460      -1496      -1511      -2462      1.251      -2268      -2442     -758.4     -590.1      109.4     -606.2 -1.177e+04     -96.19      14.52      28.12        183     -167.5 -2.576e+04      -6379      -5672      43.58      -2368     -508.6      -2951     -31.18      -1769     -886.8      -1624     -436.6      -1538      -1202     -603.5     -192.8     -335.5     -205.2     -142.7      42.59     -756.6      -23.4       -905     -596.1      296.3      782.5      -40.5     -18.57      463.3      243.9     -308.5      -1998      226.9      783.7        575      307.2       1230       1124      952.1      908.4      380.8      727.2     -9.478      832.7     -541.4      535.1       2375       1720      -1294      87.67     -74.25       1248      364.5      383.9     -90.34      479.2       1557      505.8      976.9      802.6     -296.2      592.6      -5865      361.6       5158       2149      57.74      301.9     -293.1      135.7        351        502      283.4      604.4      411.2      653.8       1061       1450      348.4      113.9     -7.427      61.68      531.3       1220      759.6      15.56     0.4651        748      359.8      84.16      442.5      274.1        205     -5.044      199.4      311.4      233.9      594.1      922.8        217      112.4      345.3      607.5      8.134      631.4        681      462.2        737      331.4      422.6      307.4
