
 70

(((((((((Agelas_schmidti_cdhit_ASCH: 0.096169, Cymbaxinella_damicornis_cdhit_CDAM: 0.099764): 0.123708, (Polymastia_invaginata_cdhit_PINV: 0.229534, ((Tethya_wilhelma_cdhit_TWIL: 0.185086, (Spheciospongia_vesparium_cdhit_SVES: 0.031668, Cliona_varians_cdhit_CVAR: 0.021910): 0.189878): 0.036159, ((Prosuberites_sp_cdhit_PrSP: 0.138651, (Pseudospongosorites_suberitoides_cdhit_PSUB: 0.107013, Halichondria_panicea_cdhit_HPAN: 0.159198): 0.061657): 0.082488, (((Isodyctia_sp_cdhit_IsSP: 0.164218, (Latrunculia_apicalis_cdhit_LAPI: 0.122059, (Iophon_unicorne_cdhit_IUNI: 0.145413, (Tedania_anhelans_cdhit_TANH: 0.118697, (Kirkpatrickia_variolosa_cdhit_KVAR: 0.076905, (Phorbas_areolatus_cdhit_PARE: 0.051991, Crella_elegans_cdhit_CELE: 0.075392): 0.028175): 0.029702): 0.019614): 0.027625): 0.034492): 0.021394, Crambe_crambe_cdhit_CCRA: 0.156523): 0.023957, ((Mycale_phyllophila_cdhit_MPHY: 0.094245, ((Mycale_lingua_cdhit_MLIN: 0.091312, Mycale_laevis_cdhit_MLAE: 0.072700): 0.011718, (Mycale_tridens_cdhit_MTRI: 0.004732, Mycale_acerata_cdhit_MACE: 0.004378): 0.083429): 0.019442): 0.090444, Chondrocladia_roberballardi_cdhit_CROB: 0.167640): 0.060803): 0.120140): 0.020291): 0.031399): 0.017663): 0.028145, (Phakellia_ventilabrum_cdhit_PVEN: 0.059550, (Phakellia_robusta_cdhit_PROB: 0.038414, Cymbastela_concentrica_cdhit_CCON: 0.047630): 0.034539): 0.155710): 0.023861, ((Poecillastra_compressa_cdhit_PCOM: 0.080325, ((Stryphnus_fortis_pep_cdhit_SFOR: 0.041274, Stelletta_normani_cdhit_SNOR: 0.029731): 0.069353, (Geodia_phlegrai_cdhit_GPHL: 0.089533, ((Geodia_macandrewi_cdhit_GMAC: 0.049797, ((Geodia_parva_cdhit_GPAR: 0.002797, Geodia_hentscheli_cdhit_GHEN: 0.002006): 0.035302, Geodia_barretti_cdhit_GBAR: 0.031981): 0.025289): 0.026147, Geodia_atlantica_cdhit_GANT: 0.069589): 0.017118): 0.043735): 0.045414): 0.066207, Craniella_infrequens_cdhit_CINF: 0.165380): 0.170449): 0.043114, ((Scopalina_sp_cdhit_ScSP: 0.080329, Scopalina_ruetzleri_cdhit_SRUE: 0.085525): 0.221976, ((Spongilla_lacustris_cdhit_SLAC: 0.057276, Eunapius_fragilis_cdhit_EFRA: 0.084256): 0.019002, (Ephydatia_muelleri_cdhit_Eph: 0.045418, (Lubomirskia_abietina_cdhit_LABI: 0.002358, (Lubomirskia_baicalensis_A8_cdhit_LBAI: 0.001975, Baikalospongia_bacillifera_cdhit_BBAC: 0.010580): 0.020455): 0.041725): 0.043264): 0.298265): 0.055206): 0.045718, (Haliclona_penicillata_cdhit_HPEN: 0.308845, (Petrosia_ficiformis_cdhit_PFIC: 0.229305, Amphimedon_queenslandica_cdhit_AQUE: 0.265180): 0.086155): 0.130371): 0.112341, (((Vaceletia_sp_cdhit_VaSP: 0.062583, (Spongia_officinalis_cdhit_SOFF: 0.053872, Ircinia_fasciculata_cdhit_IFAS: 0.058537): 0.024778): 0.092377, Dendrilla_antarctica_cdhit_DANT: 0.169810): 0.288644, (((Halisarca_dujardini_cdhit_HDUJ: 0.164740, Halisarca_caerulea_cdhit_HCAE: 0.072745): 0.033566, Chondrilla_caribensis_cdhit_CCAR: 0.090696): 0.139241, Aplysina_aerophoba_cdhit_AAER: 0.240803): 0.283160): 0.054574): 0.147809, ((Vazella_pourtalesi_cdhit_VPOU: 0.077907, Sympagella_nux_cdhit_SNUX: 0.101968): 0.047349, Rossella_fibulata_cdhit_RFIB: 0.071488): 0.884680): 0.116019, ((Oscarella_pearsei_cdhit_OPEA: 0.304090, Corticium_candelabrum_cdhit_CCAN: 0.300865): 0.173950, ((Sycon_coactum_cdhit_SCOA: 0.115496, Sycon_ciliatum_cdhit_SCIL: 0.107926): 0.233153, (Leucetta_giribeti_cdhit_LGIR: 0.175617, Clathrina_coriacea_cdhit_CCOR: 0.148919): 0.100893): 0.283340): 0.085097, ((Pleurobrachia_bachei_pep_cdhit_PBAC: 0.175891, Bolinopsis_ashleyi_pep_cdhit_BASH: 0.213547): 0.638146, ((Lottia_gigantea_pep_cdhit_LGIG: 0.430502, Homo_sapiens_pep_cdhit_HSAP: 0.447535): 0.134090, (Nematostella_vectensis_cdhit_NVEC: 0.349676, Aurelia_aurita_pep_cdhit_AAUR: 0.490575): 0.091495): 0.080267): 0.055797);

  0.116019  0.147809  0.112341  0.045718  0.043114  0.023861  0.028145  0.123708  0.096169  0.099764  0.017663  0.229534  0.031399  0.036159  0.185086  0.189878  0.031668  0.021910  0.020291  0.082488  0.138651  0.061657  0.107013  0.159198  0.120140  0.023957  0.021394  0.164218  0.034492  0.122059  0.027625  0.145413  0.019614  0.118697  0.029702  0.076905  0.028175  0.051991  0.075392  0.156523  0.060803  0.090444  0.094245  0.019442  0.011718  0.091312  0.072700  0.083429  0.004732  0.004378  0.167640  0.155710  0.059550  0.034539  0.038414  0.047630  0.170449  0.066207  0.080325  0.045414  0.069353  0.041274  0.029731  0.043735  0.089533  0.017118  0.026147  0.049797  0.025289  0.035302  0.002797  0.002006  0.031981  0.069589  0.165380  0.055206  0.221976  0.080329  0.085525  0.298265  0.019002  0.057276  0.084256  0.043264  0.045418  0.041725  0.002358  0.020455  0.001975  0.010580  0.130371  0.308845  0.086155  0.229305  0.265180  0.054574  0.288644  0.092377  0.062583  0.024778  0.053872  0.058537  0.169810  0.283160  0.139241  0.033566  0.164740  0.072745  0.090696  0.240803  0.884680  0.047349  0.077907  0.101968  0.071488  0.085097  0.173950  0.304090  0.300865  0.283340  0.233153  0.115496  0.107926  0.100893  0.175617  0.148919  0.055797  0.638146  0.175891  0.213547  0.080267  0.134090  0.430502  0.447535  0.091495  0.349676  0.490575

 -0.042768  0.033977 -0.019362 -0.072362  0.082029 -0.028426 -0.009058 -0.079253  0.005841  0.033344 -0.014299  0.015149  0.027653 -0.007865  0.008841  0.011251  0.000000 -0.018227 -0.053627 -0.060225 -0.009713 -0.012062  0.014723 -0.030630 -0.032738  0.023307 -0.019376  0.000000  0.000000 -0.016600  0.016426  0.010164 -0.086774 -0.065040 -0.040701 -0.060537 -0.032835 -0.092403  0.005413 -0.005033 -0.047189 -0.092347 -0.052130 -0.141031 -0.008630  0.010667 -0.047209 -0.135925 -0.049823  0.006954 -0.034895  0.012591 -0.016481 -0.038260 -0.118835  0.000000  0.000000  0.000000 -0.016703 -0.048998 -0.029938 -0.065404 -0.187105 -0.146114 -0.060904 -0.100721 -0.120256 -0.046575 -0.078913 -0.098390 -0.040632 -0.241078 -0.178236  0.005986  0.000000 -0.096534 -0.030009 -0.082436  0.000000 -0.031384 -0.048554  0.000000 -0.035432  0.053004 -0.095211  0.049730  0.069104 -0.031372 -0.099339 -0.154363  0.000000  0.013342  0.000000  0.000000 -0.029445 -0.017111  0.000000  0.000000 -0.050945 -0.071568 -0.070697 -0.042341  0.008956 -0.008165 -0.036787  0.005632 -0.029985 -0.035812  0.000000 -0.005629 -0.034591 -0.012783 -0.052921 -0.036447 -0.027705 -0.053643 -0.006446  0.000000  0.000000 -0.026307 -0.043898 -0.114276 -0.086687 -0.034368 -0.011388 -0.049143  0.021501  0.000000 -0.028216 -0.017747 -0.019398  0.000000 -0.015055 -0.038201  0.000000  0.016820 -0.020697


Hessian

 -5.355e+04 -3.794e+04      -7229      -2375     -279.2       1802       1827       2348     -6.008       2271       2017        624       1269       2716       2665       2049        445       2120       2478       1660      594.7       1631       1231       1923       2043       3957       3503       3950       4586       3733       3354       1362       3300       3725       5736       3651       4361       5396       2672      978.8       2171       2307       3985       5250       4645      926.7       4008       3837       2323       3844      988.4       2414       3571       2936       3953       5053      888.9       1234       3106       1446       4889       1902     -133.8       3737       3484       4092       3550       3408       4090       2501     -213.9       5421       5294       3863      898.4      528.1       1379       1659      13.07     -265.6       1894       2871       1502       2032       2781       2616      -3894      -2856       5099       5106      172.8        618      634.9       1815       1203      -1139     -364.6      514.8       1357      624.1       1996       1480       1835      -1140     -849.3       1563       1310        677       1866        300     -99.28      338.6      144.8      521.8        809      -5063      -1059     -47.55     -967.5      -2435     -528.3       1013      192.3     -426.8      44.75     -31.64 -1.287e+04     -174.6      336.1      279.2 -1.091e+04      -4494     -735.8      -1658      -2360     -939.9     -613.3
 -3.794e+04 -5.264e+04      -9209      -3041       -587       2064       1906       2529      5.326       2445       1557      581.5      783.2       2914       2373       2183      250.5       2337       1982       1430      565.8       1432       1054       1891       1838       3643       3276       3922       3869       3516       3055       1291       2673       4255       4939       3696       4560       5427       3153      856.3       2731       3039       4030       5789       4120      903.6       3844       3738       2793       4141      973.8       2468       3407       3135       3632       5267       1038       1333       3104       1221       4360       1638       1838       3842       3156       3343       4104       3941       4416       2119       2053       5428       5850       4125        987      30.32       1409       1532        255     -396.4       2909       2264       1934       2697       3366       2830       6031       -976      -1229       5422      471.3      497.1      979.4       1623      895.5      -2185     -733.4        693       1446      776.2       2206       1364       1902      -1109     -899.5       1033       1507      826.3       1874      199.8     -693.1      409.1      551.2      396.4       1006      -4097     -742.4      11.18     -692.2      -1919     -20.22      935.6      644.7     -360.7      195.7      40.82 -1.038e+04     -152.5      268.4      214.7      -9197      -3419     -494.6      -1621      -1847     -579.8     -475.7
      -7229      -9209 -1.078e+05 -2.543e+04      -8231      -4188      -2863       1855     -107.6       1590      -4386      264.6      -4952       2123      743.6      488.8      68.71      337.6      832.1     -63.42      578.1      23.36       1346       1446      -1250       2996       2769       4424       3653       3500      729.9       1824       1559       3764       5558       4760       5084       5673       1042      248.2      510.5      572.4       2782       6790       3840       1341       4529       3462      341.4       4663      844.7        369       1514       1206       2569       7317     -172.8       1486       4051       1404       4879       1790       5476       3039       5135       2172       2020       4922       4456       1698       3463        419       8801       4150       1464      -1757      898.4        882      518.5      -1841      849.8       1386       3292       2367      384.5       3034       -458       5030       2568  1.621e+04      956.1        971       1930       2293       1220 -2.443e+04      -8879      -2162     -118.5      -1415       1670      830.1       1202      -3458      -3281      429.2      922.5       1421       1042     -151.1       -184      768.9       1853       2082       1183     -565.3      70.59      10.77      163.5     -97.91      569.7       2077       3353      729.3      278.8      915.6      -3165      106.4      516.4      513.7      -1830     -258.2       1495      889.5      356.1      849.7        405
      -2375      -3041 -2.543e+04 -2.332e+05 -3.959e+04 -1.318e+04      -5766      526.3     -52.54       1107      -7041       -302      -6909      -4792     -46.09     -935.7      189.1     -416.8      -4227     -29.06      561.4     -71.76      784.9      914.8      -2727      183.7      -1321       1519     -781.8       4322       3957       2376       5826       3427       6392       7694       4295       5669      931.6       1693      114.7      950.9       5303       5668       4706      370.7       2773       5018      -5328  1.179e+04      536.2     -574.8      660.1      -1147      904.2       3579      84.15       1705       5279       2573       2736       2828       4859       3064       2427      -4189       2490       2612       4072       1427       3588      -4988       6064       5317      556.4      -3524     -8.622      422.4      344.6      -1365       2509      -1489       1968       3081       4647      464.2 -2.393e+04       3083       2893       8857 -2.509e+04      -1839 -1.267e+04      -2292      -2444      -9199      -4472      787.5       1565      770.9       3093       1070       1642      -1863      -1581       1261       1405       2207       2679      259.2      148.3       2145       1492       1877       1089     -241.9      131.1      90.03      164.1      855.7       2015       3945       4625       1367      298.5      948.5      -1170      61.51      579.1      287.8     -940.1      354.9       1483       1691       2550       2093       1306
     -279.2       -587      -8231 -3.959e+04 -3.008e+05  -6.26e+04 -1.615e+04      -1072     -215.2      -1038 -1.413e+04     -620.3 -1.528e+04      -6290      -1974      -2930     -987.1      -2963      -6180      -2974      513.5      -2225      853.7     -491.7      -5060      -1068      -1009       2524     -328.2       2839      -3291      697.8     -430.3      645.2       3410       1439       3885       2739      643.2      606.3      -2580      -1111       3483     -327.1       2613       1131       3896       4391      796.2       1634      714.1      -5851      479.9      -3427       3076      -1407      -1464      151.6       2164       4492       1110       2163       3827       4431       3588       2332       2619       5541       5118       2277      -5646   1.24e+04       2328       3249       1403 -3.659e+04      -6982      -5570        192      -9568       3435      -2732      177.7       1516       1624       5636       1782      -5442     -348.6  1.516e+04 -1.074e+04     -871.7      -6705     -156.2       -526      -5307      -2101      13.19      859.1      309.8       3940       1719       3260     -535.4     -66.29      887.9       2401     -345.5       1294      650.1      479.4       3571       2963       3411       2197       1454      969.1     -68.95      988.6       1148       2379       1627       1535       1356      74.36      587.2       3000      699.8       1216      804.4       2729       2683       1932       3241       3113       3338       2303
       1802       2064      -4188 -1.318e+04  -6.26e+04 -4.937e+05 -5.113e+04      -2736     -133.2      -1662  -3.17e+04     -876.6 -2.637e+04      -9490      -3022      -3910      433.6      -3262 -1.203e+04      -3172     -203.9      -5429      962.4      -1713      -9892      -7311      -4689      258.3      -1977       1596      -8129      584.6      -6393      -2168       1976       2662       2193       2493      -3069       1647      -1774      -1683       3946       1743       6451       1645       3089     -399.5  -1.86e+04      912.7      524.9 -1.636e+04      729.6      -7080     -61.38      -3647 -2.112e+04 -1.498e+04      -1885      -4573       2530     -56.43       2192      -3693       3669      -1672      -1261       1734       1621      447.5     -778.8  1.496e+04       4206       2788     -39.93 -1.597e+04      -3775      -3711      580.1      -6654      -7456      726.8      -3598     -554.3      -2022       2164  1.833e+04      -7374   2.69e+04  2.441e+04      -6592     -209.1      -3755       2857      -1372      -1235      -1800       2398      538.7      374.9      486.1       3319       2364      410.6      851.2       2060       4786       3518       3061     -55.62      792.1       2725       2726       3965      235.8       3349       1630      475.1       1400       2633       4506       5047       5793       2173     -52.86       1824       1247       1058       1551      648.2       1606       1350       1758       3266       3821       2381       2389
       1827       1906      -2863      -5766 -1.615e+04 -5.113e+04 -3.932e+05      -5465     -615.3      -5214 -1.458e+05      -2722 -1.207e+05 -1.839e+04      -7908      -3917     -367.9      -2454 -2.881e+04      -7076      236.2      -6113     -612.7      -3069      -9082 -1.191e+04      -8873       1596      -7135       1539     -247.9      410.3      138.7      -1021      956.3       2784       5387       1822       1379      -1697     -631.1     -518.1      -1452       2969       5247       2385       3118       1175      -6277       9272      437.9 -2.118e+04      -2160      -7821      -3932      -4298      -8173      -6679       2061       -109       1090      -2416       8200      -3241       3758       4535       1260       7765       8086      621.6       5226   1.46e+04       4577       4390       1969      -9982      -3535      -2475     -649.5      -1992     -751.4      -4828      -1311      529.3     -586.6       5239       5483      -9644   2.07e+04  3.253e+04      -2744      369.7      -3323      224.6     -521.9      -1579      -1174       1918       1684      -1836     -256.4       1163       1670      723.8       1590       5488       2768       2943       1894      83.98        405       2834       1585       3289       2058       1936      997.1      175.8       1011       1693       2141       4022       5719       1776      676.8       2970       3586       1547       1025     -19.93       2870       1562       1991       3259       4343       2595       2780
       2348       2529       1855      526.3      -1072      -2736      -5465 -5.686e+04     -768.8 -5.389e+04      -3656     -767.7      -3284     -946.6      -1156      117.2     -345.7      120.8      -5013       -417     -189.7     -747.5      -3696      735.9      -6330      -1411      -1637     -59.43     -648.7       1213      244.4     -547.2        899      185.7       2094      881.8     -432.1      352.7      -1448     -746.9      -8216      -6958      190.1 -1.039e+04      -8626      -2878      -9519      -1200      -1633       5741     -721.7      -2014      -2557      -2313      -3734      -9186      137.9       1263      692.4      -1126      431.9       1154        897      338.9      302.8       1541     -428.1      -1178      -3043       1758      -4020       3926      -7832      191.5      -1917     -101.1     -756.4      -1470     -874.7      613.7       1468       1352       1447       1490       1710       1153       3375       5023       5349 -3.341e+04     -5.757      203.2       1086     -441.7      710.9       2106        778       -703      867.8      787.3       1217       1588      222.5       1221       1567       1918       2322       2252       1623      254.1      357.6        492       2491       -660      339.4      922.5      390.5      102.2      215.8       1096      800.1       1576       1910      973.8      78.99       1040       2147      235.3      236.3      94.45       2009       1475       1328       1752       1672       1089      741.7
     -6.008      5.326     -107.6     -52.54     -215.2     -133.2     -615.3     -768.8      -4783     -792.1     -330.1     -303.1     -30.25     -576.6     -338.2     -85.62     -21.63     -43.29     -567.9     -273.3       -202     -608.8     -88.04     -326.4      96.08     -199.7      -35.6      190.9       -131      116.1       -699     -165.3     -196.8      29.63     -190.9     -156.4      191.7     -239.7     -34.29      61.12     -267.1     -70.16     -478.6     -596.4       -210     -247.6     -311.1     -550.1      300.8      145.2     -6.742     -363.7     -171.7      39.29     -552.3      140.1     -24.25     -84.37     -193.3      496.3      185.9     -239.2     -299.7     -217.5     -107.2     -29.22      350.3     -199.2      -15.6      953.2      268.4      272.6      424.3      188.3     -21.24     -437.4     -98.44      202.2      97.56     -81.89     -127.1     -107.1      56.58     -238.8     -51.33      -1085      217.1      273.7      328.9      721.4     -198.2     -46.88        125      215.1       91.5     -66.38      25.25      18.38      14.87     -340.1       -565      8.216      65.48      72.96       47.1     -367.7      76.05     -215.6     -158.2     -57.31      15.98      67.33      59.09      145.7      101.2      92.53      32.88 -2.206e-07      32.88      44.37      113.4      371.5      445.8     -57.76      130.9      103.3      93.03      19.94      54.15      37.17      76.03      1.807      99.54      119.7      136.1      12.32      62.18
       2271       2445       1590       1107      -1038      -1662      -5214 -5.389e+04     -792.1  -5.72e+04      -2959     -631.9      -3093       -543      -1047      54.64     -347.2      104.1      -4070     -116.2     -280.6     -732.6      -3495      525.9      -6355     -700.8     -858.6     -118.9     -358.4       1398        647      55.13       1146      367.9       2604      945.1      186.8      130.8      -1611     -788.3      -8015      -7253     -85.68  -1.05e+04      -9675      -2702      -9401      -1488      -1610       6241     -633.9      -2064      -2147      -1723      -2388      -8460      61.38        981      940.2     -550.9       1131      454.2     -328.8      215.7      631.1       1713     -673.1      -1280      -3335      987.6      -3233      -1175      -7279     -179.4      -2006     -243.8     -706.6      -1365     -687.9      695.2       1746      720.2       1331       1542       2172       1669       3465       5062       5491 -3.321e+04      101.3      150.2       1321       -245      590.6       2110       1020     -737.7      657.1      853.2       2153       1722      212.4       1142       1465       2324       2631       2509       1964      200.4      403.5      524.4       2360     -781.5      338.4      887.1      361.6      102.2      186.9       1177      798.4       2091       2379       1103      59.67      862.5       2067      266.3      284.6      67.15       1947       1659       1393       1804       1632       1019      784.3
       2017       1557      -4386      -7041 -1.413e+04  -3.17e+04 -1.458e+05      -3656     -330.1      -2959 -3.726e+05      -3324 -2.598e+05 -2.625e+04      -6809      -4283      174.2      -3526 -4.657e+04      -6062      67.68      -5285     -131.3      -3276 -1.362e+04      -7732      -5970       2860      -1608       2883      -2421       2119      -3588       4196       2481       4987       6936       4148       3280      332.2      -5938      -5689      389.1      -4870      -1566     -483.2      -2641      955.6     -63.65  1.586e+04       1218  -1.14e+04      -2787      -4479      -6161      -5269      -5229      -6248       2588       2613       4251       4701       6942     -788.7       2547       2697       8558       2941       2754       6139      807.4  1.321e+04      -1038       2795        943      -7881     -396.6      135.6       1145      -1390       1249     -36.14       4300       1434      341.7       2127       3262      -6049 -1.678e+04      -6896      -2691       1243      -2205       2048     -78.37      -1315       -754       3292       1808       2765       1981       3496       2246      306.8      495.8       5894       3797       3668       2642      112.1      451.7       3767       1487       1172       2818       2379       1472      168.6       1428       2564       2865       4117       6198       3028      359.1       2304       3529       1360       1364      195.8       3543       2391       2494       2682       4313       2719       2301
        624      581.5      264.6       -302     -620.3     -876.6      -2722     -767.7     -303.1     -631.9      -3324 -1.951e+04      -2396     -511.8     -818.7     -355.2     -48.99      64.71      -1570     -811.2      -94.2      -1239     -73.99     -774.8     -772.2      -1146      791.4      362.7      -1251     -509.1      -1598      67.98     -9.153       -669     -400.2      55.85     -37.02      120.1      119.4     -217.6     -359.4     -544.5     -529.3     -622.1      576.4     -244.8     -130.4      -1244       1478       3122     -416.2      -1460      -1068      -2439      -1444      -2477     -406.5      34.49      32.75     -869.9      447.2       2144       54.8     -39.34      583.3     -101.4       1995      456.9      808.4       3781     -864.5       3809     -246.7     -511.4      60.12     -534.9     -53.28      156.8     -4.116     -9.976      141.8     -456.1      652.7      942.7     -153.5       1490       4050       2489       2034     -92.16      100.9      331.4      674.1      384.2        266      292.5      70.76      441.3      462.7     -354.9      61.53      361.4      27.94      397.4      571.4      49.62      122.5     -99.32     -355.1     -38.88      120.2     -138.5      620.2     -217.7     -9.248      144.1      275.2       93.1      305.5      383.5      290.5      487.3        124      445.5      200.4      224.8      501.2        110     0.6514      13.27        599      733.6      752.6      640.9      395.4        129      337.4
       1269      783.2      -4952      -6909 -1.528e+04 -2.637e+04 -1.207e+05      -3284     -30.25      -3093 -2.598e+05      -2396 -3.415e+05  -2.84e+04      -6243      -4509      278.1      -3309 -5.401e+04      -6564     -146.1      -5896     -261.3      -1888 -1.418e+04      -5197      -3910       2809      207.1       4361      -2482       2026      -4322       3797      253.9       4495       6897       3860       3730      -1041      -2465      -5349       1282      552.7      -3599      518.4      -3812     -674.8       2783  1.544e+04      988.5 -1.121e+04      -2028      -1917      -5659      -5160      -5796      -6248      683.5      714.3       1647       3389       5757      26.49       1574      284.8       9575       5413       2918       6145       1273  1.497e+04      -2724       1344        818      -8414     -789.6     -574.5      855.8      -1046       4320      517.3       5696       4716       2156      -1064       7300      -5644      -3759      -4133      -3190      768.3      -3429       1267      66.08      -1051      567.5       3675       2036       2236       2020       3060       2506      482.2       1278       7131       5168       4478       3739      233.2      583.5       3501       1977       1253       2492       1487       1550      42.96       1435       2149       2517       4836       4892       2309      44.54       2226       3094       1157       1323      240.9       3385       2900       2231       3030       4374       2669       2248
       2716       2914       2123      -4792      -6290      -9490 -1.839e+04     -946.6     -576.6       -543 -2.625e+04     -511.8  -2.84e+04 -3.298e+05 -3.398e+04 -2.554e+04     -940.5 -2.535e+04 -3.502e+04      -8180     -299.6      -8124     -932.6      -5030 -1.181e+04      -6786      -8468     -820.4      -9848      -3261  -1.07e+04     -969.3      -9748      -1584      -2407      -2693       4510       2573      -1399      -1325     -493.9      -1982      21.92      -3493      -1910        725      -4990       1841 -1.554e+04     -804.3     -634.2      -5638     -589.6      -1104      -1370      -3339      -4574      -3330       1465       1084       4254       5708       4227      613.2      -1455       5712      -1570      651.5       4448       5949       8543      -5746       6988       3442       2807      -1809      835.4      711.6      185.7      -1139      9.784       1241       2833       1498      -1741       2593  -1.81e+04 -1.294e+04 -1.703e+04  1.382e+04      -2243      333.9      -1892      544.8     -189.8       1920       1581       2394       1882       1577       4750      -1039       1977       1858       1919     -293.2       2416       3244       2427     -46.53      753.8       3662      -1711      588.5       4524       3038       1143      239.1      951.4       1944       3239       3949       4759       2892     -214.3       2482       4255      958.8      947.8      418.5       4693       2983       1446       3185       3282       2692       1863
       2665       2373      743.6     -46.09      -1974      -3022      -7908      -1156     -338.2      -1047      -6809     -818.7      -6243 -3.398e+04 -1.108e+05      -2117     -89.73      -1471      -8821      -5845     -24.44      -5329     -224.3      -4321      -4801      -4160      -5065      -1921      -4597      439.3      -4489     -249.5      -2766      -2472      -1622      -1038       1771       1725     -972.4     -714.3     -66.13      -1052      -1072      -1404      -1131     -159.4      -1521     -363.2       2105       6279      45.57      -3025     -906.1      -4198      -2307     -800.9      -1347      -1574     -221.8      -1036     -98.84       2669     -824.9       -220      310.2       3513      -3769       1275       2293       3482       1954     -986.2       5205       1536       1034     -363.3     -14.95      247.5      155.8      953.4      -3473      -1021      -3528     -441.2       1088       1926      -5830 -2.424e+04      -1186  1.614e+04     -238.5      228.5     -267.3       1226      919.7       1476      600.5       3220       1908       2575       3240       1782       1514       1064       1287       1888       2994      840.3       2533      288.4      447.7       3482      -1689       2109       2555       1916      739.7      92.39      897.2       1890       2358       3745       4061       1283        265       1296       3031      719.3        979      496.9       2897       2350       2586       1925       2223       2065       1439
       2049       2183      488.8     -935.7      -2930      -3910      -3917      117.2     -85.62      54.64      -4283     -355.2      -4509 -2.554e+04      -2117 -9.522e+04      10.54  -9.21e+04      -9562      -6153     -312.9      -5576      -1494      -3506      -4217      -1356      -7475      -1467     -805.8      -1815      -1492      99.54      -2936      -2080      485.5       1461      -1934     -48.52     -173.9      -1293     -881.4      -1906      -2765      -3225      -1116      428.7     -564.1      225.4      -2105       1988     -313.6      -2038      -2079     -877.2      861.2       3908       -409      763.2     -661.4      645.3       1839     -351.2      -1417       2199       1500      536.1       3381      595.6       2932     -451.6       6306       2685       8754      422.2      603.8     -777.9        571        531      457.4     -852.3       2694       1207       4298       1149      -3137       4083       6438  2.238e+04       7496  2.903e+04      -1511     -68.77      -1759     -51.81     -387.2      475.8       1033       2291      709.6      677.6       1111      726.4      552.7      761.1       1301      760.5       1494      44.62      829.4      308.2      211.5       2401       2788       2273       1818       1925      671.6      61.08      703.7       1886       1753      760.9       1662      802.1      180.6       1336       3072      368.3      845.6      768.4       2834       2113       1866       2109       2440       2345       1254
        445      250.5      68.71      189.1     -987.1      433.6     -367.9     -345.7     -21.63     -347.2      174.2     -48.99      278.1     -940.5     -89.73      10.54 -2.949e+04      -9088      604.5     -322.1      104.8     -340.3      117.9      203.6      516.4      545.7      636.1     -349.5      -1003      128.7      99.44     -82.54      701.2     -383.6      458.7      628.5        847      766.3     -312.9       -291      22.24     -664.8      163.2     -504.3      -1300      -1292     -35.62      -1551       1298      -4779     -691.6     -465.3      86.46       -366      447.1      14.22     -264.4     -148.6     -359.8       -712      407.6      506.4     -637.8      -1160     -515.5      -3369     -566.1     -957.2      -1398     -684.8      -4797       1037     -362.9     -812.3     -265.3      540.7     -125.6     -359.8     -513.7      14.82      426.4     -853.6      884.9      317.5      906.3       1719      99.73      73.14       2254      368.3      282.9     -204.4      682.3      300.2      172.8      362.7     -38.36      433.5      741.9     -577.1     -391.7     -203.4       -149      337.1        364      514.8     -623.1       -164      668.7      125.3     -5.348        482      592.9     -182.4      490.7      287.3      19.37    0.05485      20.53      263.1      31.62     -53.93      150.9      119.6     -281.4      262.3        398      176.3      109.9      -91.8      539.4      390.5      130.7      374.4      376.6      176.2      81.24
       2120       2337      337.6     -416.8      -2963      -3262      -2454      120.8     -43.29      104.1      -3526      64.71      -3309 -2.535e+04      -1471  -9.21e+04      -9088 -1.293e+05 -1.051e+04      -6188       -126      -5504     -991.8      -3349      -4914     -377.2      -7226      -2340      -1651      -2468     -405.2      552.8      -2674      -1850       1459       1217      -3506     -331.2     -675.4      -2190     -513.1      -2267      -1819      -3782     -747.7       -228      -1300     -472.2      -1691       1980       -753      -2323      -1910      -1006       1281       3256      287.9       1300      -1667      375.6       1630      560.1      -3965      41.43      336.1       1607       3496      76.09       1302     -211.1     -29.76       2774       8138      354.3      393.8        161      679.5      553.3     -113.1       -719       3601       1389       4789       1078      -4198       5044       6540  2.246e+04   1.11e+04  2.913e+04      -1093     -147.1      -1169      331.2      48.73        919       1004       2257      -2013      798.5     -647.7      496.8      535.7       1080       1427       1467      826.2       -151       1363      191.7      167.5       2686       2758       2195       2120       2404      870.4      48.33      895.7       2587       2011       1214       1736       1075      105.8       1539       3368      402.7       1081      831.4       3206       2379       1734       2239       2707       2644       1271
       2478       1982      832.1      -4227      -6180 -1.203e+04 -2.881e+04      -5013     -567.9      -4070 -4.657e+04      -1570 -5.401e+04 -3.502e+04      -8821      -9562      604.5 -1.051e+04 -5.077e+05 -2.476e+04      -1053 -2.326e+04      -3269 -1.413e+04 -5.906e+04 -2.398e+04 -1.934e+04     -507.5 -1.279e+04      -2975  -1.03e+04      -2058 -1.524e+04      -5663      -7357       2380      -6390       5341      -1978      -1813      -3547      -4841      -1457 -1.033e+04      -5619      485.2      -5257      -3160  1.057e+04      -4341      214.3      -6121     -717.7      -6552     -716.6      -1199      -3544      -2573     -520.4      -5080      -1088       1965     -122.2       1999     -165.1       5326       1960       1253       9870       8894       6187  1.263e+04  1.017e+04       6357       1220       1928       1100       1729      986.6      -2426     -379.4       1304      112.8     -100.8     -500.5      737.7   -1.6e+04  1.401e+04       9104  3.076e+04      -2053       1333     -835.2       1938     -605.8       1348      987.4       3504      936.9       3887       3501       2739       3256       2379       2397       3668       4767       3252     -181.5     -222.2     -174.5       1828       2555       3108       1078       2193       1312      121.9       1178       2226       3361       5427       7651      976.6      113.2       2015       3981      752.1      905.6       1062       4249       1716       3397       2292       3195       3151       1903
       1660       1430     -63.42     -29.06      -2974      -3172      -7076       -417     -273.3     -116.2      -6062     -811.2      -6564      -8180      -5845      -6153     -322.1      -6188 -2.476e+04 -1.063e+05      -1675 -9.151e+04      -7381 -4.051e+04      -2606      -4226      -9239      -1514      -2646      -1193      -3366      -1072      -1978      -2001     -50.85        277      -1912     -244.5      -1745      -1496     -362.8      333.2      -2307     -223.9     -252.6      356.4      14.27      486.3       4598       4294      531.2      -3673        387       1672      563.4       1432     -72.99      -1093     -326.4     -915.1        449       -487       2598      -3359       3657    -0.6519      351.8       2261       3383      -1813       4541      -1033       5181       3260      53.04       11.2      547.3      163.7        671       1467       1516       2994       3377       3095      695.2      414.2       6140  1.395e+04       7485  1.899e+04      533.8        642        127      913.2      729.5      234.4       1390       3264       2772       3431       3247      865.2       1704      908.1       1012       1207       1349       1554      915.9      346.6      479.7       2746       1977       2511       2521       2400       1141      138.4       1079       1876       1554       2127       2856      599.3      407.4       1058       2470      509.9      687.8      599.8       2189       2413       1948       2057       2409       1889       1416
      594.7      565.8      578.1      561.4      513.5     -203.9      236.2     -189.7       -202     -280.6      67.68      -94.2     -146.1     -299.6     -24.44     -312.9      104.8       -126      -1053      -1675 -1.095e+04      -1668     -854.8       -271       1.45     -332.9     -138.8      100.6      266.5     -488.5     -292.9     -445.7      238.9      417.4     -403.7      672.6      494.2      867.1     -166.7     -887.9      63.25        180      -1291      -1079      -1666     -247.2      -1125     -11.25     -655.9       3405     -248.3     -5.735     -91.47      251.7     -70.11     -217.9     -440.2     -117.4      41.01     -90.41     -345.4      -1310      -1261     -338.1       -951      -1370     -587.2      -1577      251.5     -433.2       1256      352.9      197.5     -811.7     -114.1      493.7     -83.69      56.24       -217      48.61      361.2     -314.2        146      168.7      -1916      -1411       1260      140.8      -3396      711.6      171.1     -84.11      202.6     -15.19      268.6      420.1      103.5      180.3      291.2      901.3        950      305.8      151.5      213.9      259.7     -425.7      101.3      2.577      29.93      86.86       70.7     -194.8      234.7     -60.44     -216.7      314.9      13.95     -66.35      57.24        259      315.1      557.5      258.9      345.4       21.3     -141.9      494.9      116.1      101.7      25.42      454.4      154.6      97.81      292.9      187.8      233.8        193
       1631       1432      23.36     -71.76      -2225      -5429      -6113     -747.5     -608.8     -732.6      -5285      -1239      -5896      -8124      -5329      -5576     -340.3      -5504 -2.326e+04 -9.151e+04      -1668 -1.078e+05      -9849  -4.18e+04      -2410      -4429      -7271      -1665      -2228      -1037      -2565      273.9     -886.5     -847.4       1452     -48.87     -892.2      237.5      -2291     -427.3     -550.5       -298      -1256      154.5     -585.2      351.8       -460        263       3266        786     -14.11      -3466       1228       1382      752.3       1644     -568.5     -950.1     -881.1      401.5      529.3      -2567       1916      -3391       3171      -2152      434.2      554.4       2485      -3831       3993      -1708       3491       2241      293.5      245.8      613.5      185.3        760       1278       1929       2335       3430       2493       2693      809.5       5118  1.462e+04       4844  1.817e+04      158.8      730.6      483.4      934.3        536      483.6       1415       3573       3659       4096       3851       1295       2047       1157       1341       1091       1146       1256     -32.15      466.2      486.6       2977       1757       2184       2507       2150       1009      86.54      881.8       1969       1715       2602       3086       1208        371      857.5       2400      587.1      691.6      651.6       2115       2563       2170       2553       2446       2324       1379
