
 69

(((((((((Agelas_schmidti_cdhit_ASCH: 0.429271, Cymbaxinella_damicornis_cdhit_CDAM: 0.148064): 0.279952, (Polymastia_invaginata_cdhit_PINV: 0.419927, ((Tethya_wilhelma_cdhit_TWIL: 0.251349, (Spheciospongia_vesparium_cdhit_SVES: 0.974374, Cliona_varians_cdhit_CVAR: 0.277321): 0.000000): 0.040085, ((Pseudospongosorites_suberitoides_cdhit_PSUB: 0.156720, Halichondria_panicea_cdhit_HPAN: 0.206753): 0.199797, (((Isodyctia_sp_cdhit_IsSP: 0.250048, (Latrunculia_apicalis_cdhit_LAPI: 0.179665, (Iophon_unicorne_cdhit_IUNI: 0.195977, (Tedania_anhelans_cdhit_TANH: 0.211197, (Kirkpatrickia_variolosa_cdhit_KVAR: 0.146958, (Phorbas_areolatus_cdhit_PARE: 0.127285, Crella_elegans_cdhit_CELE: 0.184419): 0.023508): 0.033452): 0.052132): 0.048127): 0.046702): 0.027492, Crambe_crambe_cdhit_CCRA: 0.390200): 0.017953, ((Mycale_phyllophila_cdhit_MPHY: 0.184569, ((Mycale_lingua_cdhit_MLIN: 0.154933, Mycale_laevis_cdhit_MLAE: 0.104376): 0.067340, (Mycale_tridens_cdhit_MTRI: 0.047820, Mycale_acerata_cdhit_MACE: 0.026764): 0.120415): 0.011203): 0.154140, Chondrocladia_roberballardi_cdhit_CROB: 0.224456): 0.082786): 0.173778): 0.017651): 0.035844): 0.014743): 0.038511, (Phakellia_ventilabrum_cdhit_PVEN: 0.071475, (Phakellia_robusta_cdhit_PROB: 0.037283, Cymbastela_concentrica_cdhit_CCON: 0.049755): 0.046114): 0.212104): 0.028803, ((Poecillastra_compressa_cdhit_PCOM: 0.112965, ((Stryphnus_fortis_pep_cdhit_SFOR: 0.038919, Stelletta_normani_cdhit_SNOR: 0.033343): 0.115540, (Geodia_phlegrai_cdhit_GPHL: 0.106563, ((Geodia_macandrewi_cdhit_GMAC: 0.098765, ((Geodia_parva_cdhit_GPAR: 0.000000, Geodia_hentscheli_cdhit_GHEN: 0.016627): 0.030868, Geodia_barretti_cdhit_GBAR: 0.044143): 0.026100): 0.049173, Geodia_atlantica_cdhit_GANT: 0.110381): 0.023598): 0.073322): 0.062088): 0.080084, Craniella_infrequens_cdhit_CINF: 0.243957): 0.219440): 0.055607, ((Scopalina_sp_cdhit_ScSP: 0.239397, Scopalina_ruetzleri_cdhit_SRUE: 0.403088): 0.165884, ((Spongilla_lacustris_cdhit_SLAC: 0.099647, Eunapius_fragilis_cdhit_EFRA: 0.176854): 0.014087, (Ephydatia_muelleri_cdhit_Eph: 0.065154, (Lubomirskia_abietina_cdhit_LABI: 0.002983, (Lubomirskia_baicalensis_A8_cdhit_LBAI: 0.038736, Baikalospongia_bacillifera_cdhit_BBAC: 0.053234): 0.000000): 0.080028): 0.073519): 0.516732): 0.079433): 0.063779, (Haliclona_penicillata_cdhit_HPEN: 0.409506, (Petrosia_ficiformis_cdhit_PFIC: 0.267519, Amphimedon_queenslandica_cdhit_AQUE: 0.345091): 0.109032): 0.195158): 0.181056, (((Vaceletia_sp_cdhit_VaSP: 0.109589, (Spongia_officinalis_cdhit_SOFF: 0.075912, Ircinia_fasciculata_cdhit_IFAS: 0.079286): 0.033791): 0.116215, Dendrilla_antarctica_cdhit_DANT: 0.265358): 0.403463, (((Halisarca_dujardini_cdhit_HDUJ: 0.240138, Halisarca_caerulea_cdhit_HCAE: 0.237014): 0.021326, Chondrilla_caribensis_cdhit_CCAR: 0.184573): 0.293544, Aplysina_aerophoba_cdhit_AAER: 0.417183): 0.360005): 0.071740): 0.217184, ((Vazella_pourtalesi_cdhit_VPOU: 0.035641, Sympagella_nux_cdhit_SNUX: 0.116864): 0.010345, Rossella_fibulata_cdhit_RFIB: 0.044748): 1.252582): 0.220763, ((Oscarella_pearsei_cdhit_OPEA: 0.403759, Corticium_candelabrum_cdhit_CCAN: 0.367795): 0.218314, ((Sycon_coactum_cdhit_SCOA: 0.133728, Sycon_ciliatum_cdhit_SCIL: 0.149373): 0.347272, (Leucetta_giribeti_cdhit_LGIR: 0.297708, Clathrina_coriacea_cdhit_CCOR: 0.169483): 0.197005): 0.352797): 0.095755, ((Pleurobrachia_bachei_pep_cdhit_PBAC: 0.181032, Bolinopsis_ashleyi_pep_cdhit_BASH: 0.098181): 1.170864, ((Lottia_gigantea_pep_cdhit_LGIG: 0.637809, Homo_sapiens_pep_cdhit_HSAP: 0.844404): 0.147528, (Nematostella_vectensis_cdhit_NVEC: 0.518322, Aurelia_aurita_pep_cdhit_AAUR: 0.632198): 0.135186): 0.114241): 0.126501);

  0.220763  0.217184  0.181056  0.063779  0.055607  0.028803  0.038511  0.279952  0.429271  0.148064  0.014743  0.419927  0.035844  0.040085  0.251349  0.000000  0.974374  0.277321  0.017651  0.199797  0.156720  0.206753  0.173778  0.017953  0.027492  0.250048  0.046702  0.179665  0.048127  0.195977  0.052132  0.211197  0.033452  0.146958  0.023508  0.127285  0.184419  0.390200  0.082786  0.154140  0.184569  0.011203  0.067340  0.154933  0.104376  0.120415  0.047820  0.026764  0.224456  0.212104  0.071475  0.046114  0.037283  0.049755  0.219440  0.080084  0.112965  0.062088  0.115540  0.038919  0.033343  0.073322  0.106563  0.023598  0.049173  0.098765  0.026100  0.030868  0.000000  0.016627  0.044143  0.110381  0.243957  0.079433  0.165884  0.239397  0.403088  0.516732  0.014087  0.099647  0.176854  0.073519  0.065154  0.080028  0.002983  0.000000  0.038736  0.053234  0.195158  0.409506  0.109032  0.267519  0.345091  0.071740  0.403463  0.116215  0.109589  0.033791  0.075912  0.079286  0.265358  0.360005  0.293544  0.021326  0.240138  0.237014  0.184573  0.417183  1.252582  0.010345  0.035641  0.116864  0.044748  0.095755  0.218314  0.403759  0.367795  0.352797  0.347272  0.133728  0.149373  0.197005  0.297708  0.169483  0.126501  1.170864  0.181032  0.098181  0.114241  0.147528  0.637809  0.844404  0.135186  0.518322  0.632198

  0.000000  0.007173  0.000000  0.000000 -0.006066 -0.006506  0.000000  0.000000  0.000000  0.000000  0.000000  0.000000  0.000000  0.000000  0.000000 -63.105689  0.000000  0.000000  0.009009  0.000000  0.000000  0.000000  0.000000  0.000000  0.005099  0.000000 -0.005561  0.000000 -0.005692  0.000000  0.000000 -0.008170 -0.008308 -0.008120 -0.006540 -0.007616  0.000000  0.000000  0.000000  0.000000  0.000000  0.000000  0.000000  0.000000  0.000000  0.000000  0.000000  0.000000  0.000000 -0.008044  0.000000 -0.009598  0.000000 -0.010535 -0.006205  0.000000  0.000000 -0.008221  0.000000 -0.005883  0.000000  0.000000  0.000000 -0.009667 -0.006103  0.000000 -0.007800 -0.008893 -852.419462  0.000000 -0.007944  0.000000  0.000000  0.008223  0.000000  0.000000  0.000000  0.000000 -0.008036  0.000000  0.000000  0.000000 -0.016941 -0.020076 -0.031774 -5813.913682 -0.024516  0.000000  0.000000  0.000000  0.000000  0.000000  0.000000 -0.005703  0.000000  0.006910  0.000000  0.000000  0.000000  0.000000  0.000000  0.000000  0.000000  0.000000  0.000000  0.000000  0.000000  0.000000  0.000000  0.006193  0.000000  0.000000  0.000000  0.000000  0.000000  0.000000  0.000000  0.000000  0.000000  0.000000  0.000000  0.000000  0.000000  0.000000  0.000000  0.000000  0.000000  0.000000  0.000000 -0.006594  0.000000  0.000000  0.000000  0.000000  0.000000


Hessian

      -4048      -3315     -576.2     -131.4      326.2      87.59        264      21.54      8.533      40.44      244.4      57.15      280.4      497.4      514.2        249     -38.71        314      109.3      161.4      28.42      188.6      173.9      511.7      385.1      404.7      440.2      462.8      181.2      20.58      124.8      575.8      227.6        340        277      435.9      143.5      28.79      220.4      127.9        137      256.3      157.7      69.81      330.2      158.2      131.3     -193.1      5.984      281.1      29.12      373.9      417.9        172      208.9      162.4      239.7      199.5      300.3      434.4      570.1      210.6      40.32      268.6      169.5      273.4     -14.84      282.3     -19.75      220.1      283.8      204.5      2.402      173.6      219.3      218.4      3.414      9.993      382.4      317.9      464.4      467.2      312.6        669      732.9     -262.3      859.1       1195      51.76      5.991      31.71      123.5      194.5     -29.45      52.07      51.96       -136      307.7      124.8      227.9      181.4     -128.8     -125.1     -3.583      17.63       99.1      -90.4     -12.64      3.892      267.9      521.4      94.85        393     -497.2     -69.25      8.152     -32.45     -223.6     -163.1      78.24      28.43     -13.69     -13.45     -28.12      -1030     -25.72      22.37      65.19       -917     -338.2     -29.22     -129.5     -149.4      -92.6     -5.978
      -3315      -4397     -772.3       -218      338.9      158.7      258.9      92.24      8.533      111.1        197      57.15        233        624      527.5      288.7     -29.31      336.4      170.6      112.6      28.42      139.8        160      636.5      544.1      420.4      505.9      514.7      461.3      20.58      404.8      669.3      159.8      482.7      366.8      639.8      183.4      70.75        199      178.9      320.5      254.3      338.3      70.32      426.4      185.4      176.6     -20.29    -0.8809      264.4        112      415.5      417.9      213.6      236.5        197      224.2      222.4        294      395.5      583.6      173.1      34.86      271.1      167.1      290.4      51.99      349.8     -60.66      328.5      347.3      131.7      19.86      200.2      215.5      218.6      8.806       25.5      226.4      389.2      603.5      429.4      419.4      685.7       1048     -205.4      916.6       1785      -12.8      5.584     -30.59      62.76      51.79        -36      18.76     -20.61     -71.82      276.7      118.6      172.3      180.7     -80.83     -78.49     -3.554      98.96      127.2     -14.46     -4.883     -139.1      225.7        535      65.94      338.1     -427.7     -59.47      1.541     -31.01     -186.4     -120.6      70.62      78.56     -27.53     -13.45     -41.95     -864.4     -26.24      21.85      65.19     -819.6     -268.6      -15.5     -88.17     -184.4     -98.16      14.69
     -576.2     -772.3      -9678      -3125      -1128     -606.7       -460      85.97      8.605      65.47     -397.9      63.44     -455.5      338.5      163.1     -136.2      -53.9      1.888     -15.87      106.3      5.669      169.2      84.77      412.3      437.7      454.8      270.6      590.8      574.4      111.8      520.5      398.4      236.7        915      514.5       1054      371.9         63      141.1        109        473      476.8      453.3      70.69      407.8        567      106.2      426.4      72.11      70.47      231.1      184.1      275.9      516.1     -261.9     -132.5      527.4       89.2      269.6      238.5      331.8      375.8      124.3      646.9      593.7      704.7      391.1       -108      19.17        233      567.3      393.4     -28.55     -21.31      102.3      109.6     -33.19     -132.4     -335.2      258.2      316.5      373.9      620.6      743.8      29.82      -3494      471.5       2789     -52.97       16.9     -157.9      69.03      58.11      -2564      -1226     -402.2      118.7     -215.7     -134.8      92.67      105.4     -180.5     -172.7      258.7      275.7      190.9      286.3     -4.037     -14.39      533.1      254.1        396      78.38      -4.63     -43.61     -7.115      -24.8     -75.47      58.09      18.12      199.9     -86.35      26.15     -60.61     -144.8      18.64      82.74         99     -142.6      79.89      89.36      150.6      185.4      171.6      163.6
     -131.4       -218      -3125 -2.232e+04      -4839      -2277      -1011      118.9      16.19      149.7      -1203      90.36     -973.2     -387.2       -199     -508.4      4.807     -457.8      -1409     -144.8      102.6     -40.72     -669.2     -896.9     -928.9      64.59     -507.7        697      295.7      156.7      308.6      657.7      477.4       1318      320.3        929      950.9      87.81     -27.32      45.03       1070      323.8      938.7      89.73       1131        514        509      902.3      149.2      -34.4      114.7      470.8      939.4      315.3     -140.1     -122.4      277.9     -748.3     -9.507      671.6      367.9     -383.3      193.7     -538.8     -95.15      500.8      295.6      848.7     -44.92      886.5       1099      220.1      127.5     -195.4      256.2        276      79.02      289.2       1310      882.1      944.6       1065       1751       1595       4686       1978       1024       5385      -3159     -209.4      -2646     -514.8     -687.1      -1303     -637.8     -95.97     -101.4      183.9      48.82      233.6      32.55      25.08     -6.646      371.4      342.2      403.4        415      19.36       2.37      283.3      205.5      480.9      158.4      145.5      100.8      33.33      111.8      67.63      68.39      344.3      436.2     -111.7     -40.43     -117.5      113.9     -13.83      10.73      36.28      237.4      139.5      296.6      263.4      19.67      206.8      208.2
      326.2      338.9      -1128      -4839 -3.493e+04      -8120      -3163     -112.4       -2.5     -139.3      -2125     -95.53      -2074     -513.1     -452.8     -663.2     -13.04     -702.6     -65.18     -489.7      -41.6     -328.9      -1042     -121.4     -65.95      180.5      517.6      281.4      50.84      128.3     -180.9      544.7       1624      580.1      225.6        357      610.6     -19.29     -182.9      62.22      534.5      626.2      682.3      56.98      660.4        433      306.8      317.1      43.38     -757.7      618.5     -33.65      705.9      513.4     -93.88     -262.9      120.1      293.8      616.1     -545.3       94.6      601.2       -314      -1319        857      785.6      649.6     -427.2     -481.3      -80.9      321.4      541.5      140.8      -4885      -1316      -1339      84.58     -799.4      853.3      49.68      748.2      470.2       1081       1965     -595.4       1002       1881       2742      -1513     -29.84      -1037       -160      232.4     -632.2     -545.9     -252.5     -2.397      115.9      488.9      442.3      49.34      169.1      73.77      453.8      668.9      98.26      670.3      59.28      -3.71      321.5      281.2      706.7      210.3      369.5      125.8     -12.89      64.98      403.5      320.1      652.4      486.5      48.09     -19.73      73.09      342.1     -5.039      103.8      140.5      348.2      321.8      282.7      472.1        316      323.3      114.8
      87.59      158.7     -606.7      -2277      -8120 -5.915e+04      -8499      41.98      6.431     -17.35      -7349     -134.8      -7575      -1950     -505.4     -392.3     -0.778     -315.3      -1254     -377.1      348.2     -9.182     -989.4      66.74      179.9      771.7      574.2      733.5      920.8     -35.03       1042      308.5     -244.9      634.1      -1180       1091      450.2     -76.42     -269.7     -63.32      130.1      395.7       1381      265.4       1502       -163      476.8      100.9     -8.731      -1443      355.4     -102.5        400      -1023      -2966      -3023      131.5      -1502     -396.8       1169       1207      239.8     -165.2     -178.7      412.3      579.4      368.9     -467.1     -546.8      403.5      754.4     -752.4     -83.03      -2094     -564.3     -612.3      94.25     -285.7      100.8      409.8        596      883.3       1090       1226     -349.3       1645      239.3       4600      -1269      94.63     -840.6    -0.8338     -28.34     -135.3     -159.3      -31.7     -182.2     -804.5     -315.3      209.3      320.2      151.4      197.1      413.5      360.1      837.8      457.9      32.89      4.188      622.5      524.4        393      837.4      495.4      94.01      1.333      18.53      350.4     -77.52      571.8      297.6      328.7     -14.43      169.7      734.1      67.21      1.661      106.5      752.8      610.5      395.8        484      175.9      151.6      47.49
        264      258.9       -460      -1011      -3163      -8499 -4.278e+04      211.5      22.93      194.3 -2.735e+04     -70.23 -2.612e+04      -4248      -1382      -1432      36.03      -1335      -3819      -1060     -159.6     -592.9      -1241      -1118      -1405     -163.1       -191     -185.8      630.2     -178.8      746.5      707.1     -690.3       1694      -1264       1247        974      321.1      91.84      533.8       1199      155.4       1731       64.7       1400      635.4        675      50.68     -86.67      -2574     -571.3      -1196     -277.4     -740.4      -1520      -1407        492     -857.1      37.51     -127.6     -165.5     -78.66       -155     -587.9     -66.89       1459      220.9      719.7      201.9       1157      700.2      652.5      178.9     -831.6       -515     -373.5      69.91     -135.9       1203      107.7       1707       1619      496.3       1874       4166       2184      605.2       6263     -961.7      19.02     -544.1      132.3     -154.4      62.42      101.4      347.5      740.4      466.6       1498      488.9      565.4      11.45      17.76      187.2      332.7      477.7      385.1     -40.98     -2.097        905      878.3      276.9      717.2      186.4     -158.8     -5.347     -43.77      187.4      167.5      444.8       77.4      30.77      14.46      2.138      501.7      11.57     -34.59     -9.023      552.6      491.6        278      209.3        380      393.1      229.1
      21.54      92.24      85.97      118.9     -112.4      41.98      211.5      -2923      11.18      -2841     -38.13      -31.6     -13.08      194.9      234.8      115.8     -44.39      149.1      142.6      221.1     0.1482      239.5     -390.3      464.5      407.5      280.3      344.9      253.5     -969.2      15.21      -1149     -67.56      339.2     -304.8      280.2     -838.6     -270.5     -278.7     -650.9     -954.7       -320     -137.5      -1383       -270     -578.9     -490.6     -66.27     -776.2      142.8      72.02      333.2      58.03      71.09      168.7      163.1      201.8      80.41      236.6      42.22     -26.22     -340.7      252.5         12      224.3        500     -186.6     -133.1      16.57      193.9       -270       -359      202.3      20.08     -126.2      68.38      66.36      8.192     -266.2     -386.1      53.46     -222.4     -172.9      177.3     -110.4     -204.6      108.9      328.4      -2639      219.4      2.528      119.2      199.2      155.9      171.7      136.6      263.8      209.4      144.9      332.3        210      14.52      71.51      65.96      163.4     -91.69       -225       16.2      8.631      41.92     -30.59      229.8     -2.226      35.22      102.1      46.31     -15.65       70.9      127.8      56.29      203.5      137.8      106.9     -4.091        141      138.4      22.28      21.83      32.65      150.3        116      95.13      78.29      100.5      87.91       31.2
      8.533      8.533      8.605      16.19       -2.5      6.431      22.93      11.18     -62.94     -9.669     -17.69  5.807e-08     -17.69      -7.84     0.4875     -15.81 -9.742e-09     -15.81      21.16       21.9  9.777e-08       21.9     -16.54      9.823     -7.042     -4.482      4.058      17.95     -25.24     -13.98     -24.01     -2.316      0.315      0.315 -2.209e-07 -4.513e-07  1.906e-07      5.219     -21.56     -21.56     -9.027     -5.749      2.195     0.7329      5.575       19.2     0.7756     0.8609  7.893e-08     -28.88      50.74      6.287     -14.76       52.9      -4.74      -4.74      3.658     -6.832      10.53      55.69     -37.73      3.192      8.621      33.56      17.32     -19.48     -23.35      -84.5     -4.308     -3.454     -19.43      23.68  9.211e-08      8.465    -0.4137    -0.4137  3.687e-08      0.905      2.091      12.13      17.84      11.12      87.37      37.62     -2.856     -2.856       -2.8     -2.753      18.99       6.96     -12.36     -2.695     -6.034      13.11      4.488       23.2      24.42     -14.23     -20.63       8.05       2.82     -9.511     -9.511      4.321      4.321 -2.054e-07      4.314 -7.564e-08  3.815e-08 -1.082e-07 -7.141e-07  5.316e-07 -1.201e-07      13.79 -9.363e-08   5.02e-08 -1.058e-07      13.79     0.3828     -11.38     -16.57      1.153      6.132     -4.952     -6.361  3.683e-08  6.521e-08  4.938e-08     -6.361     -1.077    -0.7897    -0.3084      5.279     -5.722     -3.919
      40.44      111.1      65.47      149.7     -139.3     -17.35      194.3      -2841     -9.669      -2984     -36.23      -31.6     -11.18      180.3      238.8      101.1     -44.39      134.3      121.1      224.7     0.1482      243.1     -439.8      458.9        402        291      203.2        247       -993    -0.4559      -1157     -14.06        333       -311      280.2     -838.6     -270.5     -260.7     -635.7     -939.5     -328.5     -138.4      -1391     -265.7     -586.7     -475.3     -71.06     -780.9      142.8      54.08      351.9      -58.6      71.29      243.2        162      200.8      34.92        274      41.54      14.03     -230.7        241     -37.32        211      477.4     -277.3     -159.1     -197.6        178     -284.8       -407      215.5      20.08     -191.3      50.56      48.54      8.192     -275.8     -379.8       81.5     -257.8     -134.8      265.9     -99.37     -210.3      103.2      322.5      -2645      233.3      3.403      132.4      209.9      168.5      184.1        140      175.7      217.8      95.14      321.9      221.1      16.64      62.94      57.39      181.9     -73.26       -225      20.73      8.631      41.92     -30.59      229.8     -2.226      35.22      101.8      46.31     -15.65       70.9      127.5      58.68      208.2      154.4      116.4     -16.48      140.3      148.5      22.28      21.83      32.65      160.4      133.3      102.8      79.41      105.4      93.23      27.54
      244.4        197     -397.9      -1203      -2125      -7349 -2.735e+04     -38.13     -17.69     -36.23 -4.891e+04     -347.8 -3.603e+04      -4991     -958.6     -914.5      53.37     -848.5      -4633      -1147     -8.503     -837.2      -1387     -506.3     -574.4        154      594.3     -389.6       1330      75.62        647      394.2     -260.9       1681     -909.9      731.6      397.4      284.5      -1093     -203.9       1190     -93.97       1293       47.9       1087      212.4      465.8      863.9     -4.829      -1962     -528.8     -567.3     -855.7       77.2      -1326      -1131     -292.3      -1344     -216.9      680.4      360.3     -36.28     -61.18      -1114     -560.9      977.6     -311.9      832.3      183.3      857.6      550.1      2.687      55.26      -1386     -455.7       -341        133     -203.5      3.264      218.8       1607      922.5       2115       1838       2615       2309     -317.3       5828      -1136     -70.01     -302.5      42.85     -191.1      35.63       -271     -49.27      717.4      242.6       1074      88.56      449.3     -51.37      92.23     -122.7      357.7      507.5      200.1      46.31     -14.93      584.8       1163      70.86      355.8        321      94.85     -5.231       92.5      354.5      320.2      5.661      157.4      68.09     -10.58     -8.223      444.8      28.17       -100     -13.86      411.6      503.3      183.8      352.7      348.7      397.3      196.5
      57.15      57.15      63.44      90.36     -95.53     -134.8     -70.23      -31.6  5.807e-08      -31.6     -347.8     -818.4     -312.6       -108      35.52     -22.26 -5.906e-09     -22.26      94.73      -35.3      11.81     -87.25     -11.39     -1.739     -97.68      2.652      37.29      14.28     -44.55     -24.42     -79.35     -12.72      71.97     -14.05     -37.87     -26.98      50.87     -7.965      13.14      62.85       13.4      26.62      94.48    -0.4234      160.5     -27.36      15.99     -52.46     -29.31     -77.75      20.49     -180.9      5.391      76.69      52.08      66.93     -39.01      4.648      60.92      118.7     -116.7     -36.95     -73.27      102.2       22.3     -89.52     -13.44      177.6     0.6964      127.5      11.74      98.81      13.09     -59.77      14.09      18.81      5.743     -2.263     -41.73     -3.194      80.36      80.77      10.46      110.5     -22.01      186.2      525.6      99.78    -0.9357      2.233      26.92     -30.78      21.99    -0.1831     -17.87     -9.648      17.19     -9.463     -8.847     -71.49      14.64      11.15      6.603     -49.44      1.758      -19.9      -18.3     -6.405 -6.077e-09  2.539e-08 -2.624e-07 -1.489e-07  1.239e-07      35.03      5.069  -1.29e-08      5.069       26.9      31.14      73.32      120.6      15.29   6.71e-08      15.29      46.43      16.39     -21.09      15.47      48.56      23.21      26.33       30.7      38.86      18.59      36.33
      280.4        233     -455.5     -973.2      -2074      -7575 -2.612e+04     -13.08     -17.69     -11.18 -3.603e+04     -312.6   -4.1e+04      -5355     -972.5      -1258      53.37      -1192      -5136     -878.2      -26.2     -540.1      -1599     -645.4     -761.5     -55.84        309       -372      939.4      -34.6      183.5        463     -817.9       1762     -579.2      919.2      616.5      259.9     -294.5     -248.1       1050      252.6        527      83.82      393.4      238.1      213.3      660.3     -64.18      -2131     -332.5     -436.6      -1075     -660.1      -1307      -1175     -117.1      -1454     -150.4     -140.8      52.67     -124.1     -192.3      -1089     -731.8       1034      -1143      380.4      189.1      489.2      334.6     -153.9      39.61     -655.1     -515.6     -328.8      103.9         11      792.6       -1.2       1363       1634       1818       1781       3262       2433      465.3       5953     -743.2      125.1     -346.9      138.3       -225     -32.66     -105.2     -31.39      531.6      196.6       1047     -176.4      272.5     -20.69     -43.21     -93.51      363.9      526.7      264.7      15.39     -14.93      584.8       1163      70.86      355.8      307.4      156.6     -5.231      154.2      286.1        234      399.6      289.9      88.89     -10.58      12.58      443.2      45.43     -136.8     -38.99      276.6      588.5      313.6      348.2      351.7      351.3      250.1
      497.4        624      338.5     -387.2     -513.1      -1950      -4248      194.9      -7.84      180.3      -4991       -108      -5355 -5.269e+04      -5604      -3813      59.24      -3852      -7720      -1468     -115.6      -1053      -2387       -922      -1026     -496.1     -536.7     -637.4        872     -14.79      842.2      466.6     -751.2       2128      640.5       1077      679.4      189.4      239.2      354.2      935.2     -137.9       1385      232.4       1356      206.7      799.7      927.4       -301      -1495      145.2      -1435      84.15       -792     -624.9     -227.5     -249.6     -503.7     -559.1       1009     -614.7     -412.7     -247.6     -422.4     -714.5      320.5     -434.9      81.12     -67.38        205      243.7      56.72      122.9     -142.2     -211.7     -63.77      97.32      346.5      764.8       1713       1731      785.5       1423       1003       3413       2044       1958       3733     -40.64     -69.62      67.01       17.7      227.7      24.43      91.29      190.8        428     -197.2     -284.8      461.2         91      232.9        173      252.1      486.8      643.8        208      86.55      19.76      233.5      247.4      112.6      501.3      320.6      221.4      55.42      60.14      229.1      220.7      499.7      838.7      328.1      84.36      379.1      487.3      95.87      56.85       28.7      422.7      629.7      271.1      435.6      202.5      276.1      155.5
      514.2      527.5      163.1       -199     -452.8     -505.4      -1382      234.8     0.4875      238.8     -958.6      35.52     -972.5      -5604  -1.64e+04     -518.2      100.7     -644.7      -1100     -883.6     -100.2     -797.8      -1001     -805.6      -1179     -702.3       -146     -710.8      185.6      29.76      160.8      538.8     -331.6      875.8      95.98      69.91      235.7      100.3     -111.5      256.6      807.4     -106.2       1239     -15.72       1123      13.78     -50.17      469.8     -212.1       -896     -546.1      180.1        114      92.89     -529.4     -852.7     -81.93     -597.4       -559     -109.2     -875.9      144.5     -98.13     -244.7     -555.7     -72.67     -587.2      68.35      135.9     -113.7     -951.2      136.3      32.18     -2.122     -126.5     -106.3      108.4        401      752.5      576.8       1198       1051       1808       1882       4056       2683       1282       3477      35.32     -80.18      28.16       -227     -256.5      238.3      188.5      232.3      79.95      90.19     -123.6      28.93      26.47      178.7        169      425.2      655.5      416.6      422.1      52.49      73.67      490.1      445.1      200.1      387.3      401.2      214.5      31.41        161      316.8      316.2      284.3      546.6      42.62       37.8      141.3      432.8      20.64      25.84      24.67      413.2      558.9      337.9      400.6      344.1        141      223.7
        249      288.7     -136.2     -508.4     -663.2     -392.3      -1432      115.8     -15.81      101.1     -914.5     -22.26      -1258      -3813     -518.2 -1.477e+04      -66.2 -1.395e+04     -407.5     -619.6     -34.12     -506.5     -714.5      91.82      32.54     -386.1      60.41     -744.5      386.4      47.03      447.2      425.8     -55.32      692.5      121.4      60.26        514      174.5     -361.1     -230.5      301.7      149.8      538.7     -28.45        360      379.6      589.5      688.4     -18.27     -589.4     -270.2       -102        187      205.1       -236     -121.1      225.7     -62.52     -60.38      866.2     -228.4      167.7     -124.8     -45.76     -494.8      464.1     -374.7      128.7     -67.74      474.5      758.6     -144.7       -119     -243.4      30.55      53.31      78.87      196.4        879      812.3      878.1      538.3      819.7      549.7       1620       1156       2198       2427      226.6     -2.882      192.6     -91.91      274.3      84.34      78.35      223.7      258.2      164.7      296.4      385.6      218.3      59.19     -35.54      68.19      361.7      178.5      216.6      -66.7      15.87        507      561.1      62.88      406.1      421.8      91.95     -4.683      117.1      255.1      225.4      45.64      347.3      80.78      52.73      86.55      190.4     -7.186     -20.53     -42.59      162.3        376      175.7      197.5      264.3        157        216
     -38.71     -29.31      -53.9      4.807     -13.04     -0.778      36.03     -44.39 -9.742e-09     -44.39      53.37 -5.906e-09      53.37      59.24      100.7      -66.2     -155.4      69.57      32.07      62.79 -1.054e-07      62.79      34.23      30.67      21.78      100.7      26.16      89.21     -181.3 -3.429e-08     -181.3     -62.75       17.6     -52.25     -5.806     -24.78     -76.37     -3.349       -143     -146.9     -178.6        5.9     -112.2      0.801      -74.2      17.15      27.77     -100.9      11.75       43.8      86.53      114.1 -1.348e-07      114.1      33.78      19.57      19.62       23.1      53.16      47.61      34.62     -25.67     -8.792     -27.47     -42.02       48.1      52.82      50.32     -2.164      52.48       95.1      16.83     -4.411      -75.1     -2.999       13.6     -42.12     -86.62     -104.2     -11.02      19.76     -57.25      92.57     -63.29      313.9      43.44      30.67     -114.8       37.6      4.851      28.86      34.29      15.37     -13.88      8.075      8.075     -11.25      -2.88     -35.49     -8.103 -4.124e-08     -49.03     -25.13     -5.673      3.385     -17.07     -27.71     -6.338      3.495      65.59      -50.2      23.06      72.58     -13.85      2.834      20.45      19.08     -2.401      4.718      4.718 -3.174e-07     -2.596  2.139e-08     -2.596      3.595     -1.946     -1.946 -1.112e-07      2.514      1.491  4.439e-08      1.491      6.306      6.306  6.286e-08
        314      336.4      1.888     -457.8     -702.6     -315.3      -1335      149.1     -15.81      134.3     -848.5     -22.26      -1192      -3852     -644.7 -1.395e+04      69.57 -1.421e+04     -390.9     -667.4     -34.12     -554.3     -688.5        176      115.3     -527.3      163.1       -886      637.6      47.03      698.4        421     -188.3      620.5      199.4     -112.7      518.5        192     -253.5     -107.7      478.7      201.1      750.8     -10.72        576      268.1      358.1      506.1     -30.15     -626.1     -488.5     -233.1        187      74.07     -192.9     -59.65      82.28     -171.2     -294.3      507.6     -405.5       52.5     -182.8     -195.2     -396.2      167.1     -491.3     -461.8     -64.26     -119.5      497.8     -67.84     -100.5     -100.7      62.01      54.25      106.3      320.6      971.8      897.5      994.5      604.4      528.2      314.1        319       1101       2204       2314      238.6       8.03      201.1     -159.5      223.6        184      95.07      240.4      317.3      161.6      310.5      345.9      218.3      179.9      84.24      210.3      303.1      197.4      279.2     -10.29      7.867      413.3        381     -3.261      324.5      436.1      107.9      38.55      85.53      286.5      261.8      81.97      347.3      92.81      52.73      98.59      206.5     -3.532     -16.88     -42.59      174.5      381.8      175.7      203.3      263.5      156.2        216
      109.3      170.6     -15.87      -1409     -65.18      -1254      -3819      142.6      21.16      121.1      -4633      94.73      -5136      -7720      -1100     -407.5      32.07     -390.9 -7.769e+04      -3958     -281.4      -3261      -9910      -4549      -4089      -1017      -1439     -139.5      422.5     -24.85      275.3     -544.1      -1536      346.1       -207       1110      419.2      260.7     -186.8      49.27       1117      28.59      958.7        210       1068      644.3      362.9      933.2     -93.23       -416      310.4     -487.6      933.6      75.96     -368.2     -359.3      335.1      803.6       41.8       1054      67.45      333.8     -285.8      615.8      455.4      153.1      590.6        763      330.7      477.6      741.3     -4.233      227.1      115.5     -357.3     -286.2      66.21      88.31     -716.7       1480       1671      94.49       1480       1115       5082       2927       2299       6830      8.809      93.96      331.3      309.2      104.6      253.1     -60.91      388.3      435.4       1093      794.4      459.1      211.9      128.2      213.2     -274.6      203.1      421.4      155.6      97.99     -67.29      570.5       1462       1054        297      502.3      132.6     -50.98      186.7        189      300.3      377.6      23.87      215.1      49.31      275.7      452.5      30.51     -164.2     -326.3      456.6      497.8      342.4      292.8      234.5      453.2      277.7
      161.4      112.6      106.3     -144.8     -489.7     -377.1      -1060      221.1       21.9      224.7      -1147      -35.3     -878.2      -1468     -883.6     -619.6      62.79     -667.4      -3958 -1.058e+04     -361.2      -8418     -179.1     -553.5     -448.1     -669.7     -273.3     -373.7      592.8      5.524      495.7      318.8     -356.2        805      126.8      524.5      382.6      37.83      195.9      325.3      628.9      184.5      470.6      74.82      582.5      95.89      318.4      524.2     -59.91     -95.06      63.91      -46.3      624.2      49.15     -175.7     -185.4      74.46     -293.1      122.9     -24.21      80.59      593.9      538.2      542.5      456.3      411.8      292.4      314.6      65.82      207.6        557      320.8     -25.39      125.8     -221.2     -184.5      47.74      338.5      779.7      870.1       1033      725.2       1238       1924       1239     -663.3       2021       3276     -126.8      18.48     -7.513     -202.3     -106.6     -26.12    -0.4603      89.64     -87.76      114.2     -114.9      197.9      43.27      -12.3     -46.28      194.2      422.7      207.3      252.7      46.48       34.7      782.9      725.3        276      746.2      302.3      114.7      34.95      143.2      272.3      335.6      300.3      302.1       74.3     -3.619      138.4      300.1      33.19      27.86     -30.21      283.2      371.8      343.2      262.6      341.6      269.5      163.2
      28.42      28.42      5.669      102.6      -41.6      348.2     -159.6     0.1482  9.777e-08     0.1482     -8.503      11.81      -26.2     -115.6     -100.2     -34.12 -1.054e-07     -34.12     -281.4     -361.2      -3135     -634.3      180.1     -120.9     -31.92     -35.76        224     -35.26     -87.96      111.8      43.73     -92.26      51.45      102.7      69.97     -53.04     -55.31     -46.04     -64.21     -84.88     -157.4     -134.6      124.5       7.89        161      -78.3         23     -102.8     -73.11      3.482      150.6      206.5     -186.2     -480.8      41.29      141.3      152.4      402.1     -39.41     -271.6     -225.7      195.7      322.4      361.2      271.4      211.6      141.3     -278.5      31.75     -210.5     -128.4     -406.2     -8.466     -164.8     -88.15      -97.1    -0.4177      168.8       9.93      138.5      5.672      178.9     -146.3      219.5       1048      497.5     -550.9      235.3     -37.59      20.96      60.99      8.145      45.69     -25.48      25.07      62.55      78.39      108.8      166.1      101.1     -63.34     -14.59      14.98      89.77      123.1      74.75     -169.2     -14.89 -2.983e-08  1.925e-07 -4.146e-07 -1.639e-07  5.475e-07      79.84      21.64  1.432e-07      21.64       45.9      67.85      84.91      9.015      9.325     -11.54      26.31     -22.61      16.98      22.56      20.32     -29.92      47.19      36.87      34.37      6.767      36.49      45.99
      188.6      139.8      169.2     -40.72     -328.9     -9.182     -592.9      239.5       21.9      243.1     -837.2     -87.25     -540.1      -1053     -797.8     -506.5      62.79     -554.3      -3261      -8418     -634.3 -1.066e+04      50.79     -460.6     -385.3     -561.2     -670.8     -486.3      638.8       12.3      551.9      260.6     -156.3      782.3     -3.435      360.4      263.5      42.17      382.5      355.5      806.1      372.6      493.1      80.03      608.1      134.8      388.1      514.5      -73.7      6.978      225.5       85.2      692.6     -11.57     -91.28     -164.2      289.3       43.1      43.74     -308.9     -214.8      394.5      305.4      247.1      577.9      380.5      194.7      664.4      134.6      277.6      456.5      81.37     -90.48      68.65     -237.7     -206.5       61.6      302.8        733      829.6      875.4      570.8      880.3       1645     -279.5     -747.6       1689       3238    -0.7536        -68      82.82       -131     -11.17      52.68      21.45      270.7      -22.4      94.12      334.7      120.6       72.7     -20.97     -65.28     -15.08      427.9        208      202.2      22.81       34.7      782.9      725.3        276      746.2        277       49.4      34.95       77.9        185      343.5        479      500.2      49.31      28.36       85.7        249      48.78      68.34      10.37      250.9      321.3      324.8        231      257.9      234.8      178.5
